method = 1 DL+
	2 YT+
	3 NEW+


 Pro  Dim flag  iter    nfg     method   evalf  ||evalg||_inf   cpu   t   rho
   2   5000  0     21    100  1  2.7555821D-14  9.2437048D-09    6 0.10 1.00
   2   5000  0     49    136  1  1.2976797D-10  7.3707200D-07    8 0.30 1.00
   2   5000  0     20     92  1  8.8542293D-16  3.4134656D-09    5 0.50 1.00
   2   5000  0     64    156  1  8.7169740D-08  6.5001525D-07    9 0.70 1.00
   2   5000  0     69    158  1  4.8728937D-08  9.9767778D-07    8 0.90 1.00
   2   5000  0     21     97  2  3.0851391D-13  4.6878495D-08    6 0.10 1.00
   2   5000  0     20     90  2  4.5123737D-11  6.9194315D-07    5 0.30 1.00
   2   5000  0     21     95  2  6.3739345D-11  5.5906321D-07    4 0.50 1.00
   2   5000  0     40    132  2  9.4489814D-13  7.2812741D-07    7 0.70 1.00
   2   5000  0     22     95  2  7.7178143D-13  4.9791988D-08    4 0.90 1.00
   2   5000  0     20     97  3  2.4414413D-12  1.4212612D-07    6 0.10 1.00
   2   5000  0     44    128  3  7.7607109D-11  8.2465257D-07    7 0.30 1.00
   2   5000  0     19     89  3  5.0525081D-11  5.4182737D-07    4 0.50 1.00
   2   5000  0     65    153  3  9.0742224D-08  9.7218520D-07   10 0.70 1.00
   2   5000  0     19     95  3  1.5318948D-12  1.5379298D-07    6 0.90 1.00
   3   5000  0     26     64  1  6.4015640D-12  7.1798977D-08    0 0.10 1.00
   3   5000  0     26     61  1  2.9702964D-12  3.4017100D-08    2 0.30 1.00
   3   5000  0     24     57  1  2.0214754D-14  2.2411850D-09    0 0.50 1.00
   3   5000  0     27     63  1  1.4198864D-11  7.5712681D-08    1 0.70 1.00
   3   5000  0     27     58  1  4.8467158D-15  5.3630517D-08    2 0.90 1.00
   3   5000  0     25     63  2  3.9328475D-19  1.3455903D-11    0 0.10 1.00
   3   5000  0     27     68  2  8.0965389D-16  2.0925835D-08    1 0.30 1.00
   3   5000  0     26     61  2  1.0085738D-13  5.0377953D-09    2 0.50 1.00
   3   5000  0     25     63  2  2.5589163D-18  3.2951419D-11    0 0.70 1.00
   3   5000  0     25     53  2  5.8502395D-18  3.6903813D-11    1 0.90 1.00
   3   5000  0     20     55  3  1.2603806D-12  8.9885955D-07    2 0.10 1.00
   3   5000  0     23     55  3  5.2910753D-14  1.0777976D-07    0 0.30 1.00
   3   5000  0     26     59  3  2.1819964D-09  9.6510133D-07    1 0.50 1.00
   3   5000  0     26     60  3  4.5953283D-12  6.6023365D-08    0 0.70 1.00
   3   5000  0     26     62  3  1.9642185D-14  7.4431170D-08    2 0.90 1.00
   4   5000  0     22     64  1  6.9148117D-15  5.4690685D-09    2 0.10 1.00
   4   5000  0     20     71  1  8.9581502D-18  3.4505732D-11    0 0.30 1.00
   4   5000  0     19     63  1  2.1807379D-16  1.3193313D-08    0 0.50 1.00
   4   5000  0     22     63  1  1.5317623D-16  1.3860024D-10    2 0.70 1.00
   4   5000  0     21     70  1  4.0770039D-10  6.7772776D-07    1 0.90 1.00
   4   5000  0     22     55  2  9.9386604D-15  1.0232704D-09    2 0.10 1.00
   4   5000  0     19     63  2  4.8611477D-15  9.4937391D-10    0 0.30 1.00
   4   5000  0     19     59  2  7.5073795D-15  1.0368716D-07    1 0.50 1.00
   4   5000  0     20     64  2  1.9542917D-10  3.0494266D-07    2 0.70 1.00
   4   5000  0     17     55  2  1.5911587D-14  1.7681412D-09    2 0.90 1.00
   4   5000  0     24     68  3  1.0431734D-17  3.6992631D-11    0 0.10 1.00
   4   5000  0     23     66  3  5.2654623D-15  1.1177532D-08    1 0.30 1.00
   4   5000  0     20     61  3  1.2562387D-16  1.3301838D-08    2 0.50 1.00
   4   5000  0     20     64  3  5.8761102D-15  1.0371926D-09    1 0.70 1.00
   4   5000  0     19     58  3  3.3179151D-09  6.3051868D-07    0 0.90 1.00
   5   5000  0     12     30  1  2.1579393D-13  7.0062458D-09    2 0.10 1.00
   5   5000  0     11     28  1  1.1900007D-11  6.6255284D-07    0 0.30 1.00
   5   5000  0     15     34  1  7.3239341D-15  1.6438908D-08    1 0.50 1.00
   5   5000  0     12     29  1  9.3618878D-13  5.0722880D-08    0 0.70 1.00
   5   5000  0     14     30  1  2.5230196D-10  7.5652716D-07    2 0.90 1.00
   5   5000  0     11     28  2  1.2167387D-10  2.1220416D-07    0 0.10 1.00
   5   5000  0     11     28  2  1.2040246D-09  9.9263404D-07    0 0.30 1.00
   5   5000  0     12     30  2  6.8804510D-16  1.9263401D-09    1 0.50 1.00
   5   5000  0     13     30  2  7.7009319D-14  5.2014531D-08    0 0.70 1.00
   5   5000  0     12     29  2  3.2965007D-10  6.6424816D-07    0 0.90 1.00
   5   5000  0     11     31  3  6.1609371D-10  4.0699024D-07    2 0.10 1.00
   5   5000  0     13     33  3  1.1015120D-17  6.3751487D-10    0 0.30 1.00
   5   5000  0     12     31  3  1.3470486D-12  1.9565584D-07    2 0.50 1.00
   5   5000  0     13     32  3  1.1812585D-13  6.4507165D-08    0 0.70 1.00
   5   5000  0     25     47  3  4.5027669D-09  8.9848224D-07    1 0.90 1.00
   6   5000  0     30    158  1  4.6563339D+03  2.7369595D-07    2 0.10 1.00
   6   5000  0     46    541  1  4.6563339D+03  8.9747400D-07    7 0.30 1.00
   6   5000  0     29    140  1  4.6563339D+03  1.2070039D-07    1 0.50 1.00
   6   5000  0     31    145  1  4.6563339D+03  4.0090705D-07    2 0.70 1.00
   6   5000  0     31    142  1  4.6563339D+03  5.8387275D-08    1 0.90 1.00
   6   5000  0     26    127  2  4.6563339D+03  4.5614328D-07    2 0.10 1.00
   6   5000  0     28    102  2  4.6563339D+03  1.0129654D-07    1 0.30 1.00
   6   5000  0     30    117  2  4.6563339D+03  4.4957936D-08    2 0.50 1.00
   6   5000  0     25     89  2  4.6563339D+03  9.9263380D-08    2 0.70 1.00
   6   5000  0     31    119  2  4.6563339D+03  2.0875716D-07    1 0.90 1.00
   6   5000  0    108   2489  3  4.6563339D+03  5.0154676D-09   24 0.10 1.00
   6   5000  0     26    132  3  4.6563339D+03  5.5939177D-08    1 0.30 1.00
   6   5000  0     31    139  3  4.6563339D+03  1.2784840D-10    2 0.50 1.00
   6   5000  0     31    129  3  4.6563339D+03  8.7474160D-09    1 0.70 1.00
   6   5000  0     57    834  3  4.6563339D+03  4.5761641D-07    9 0.90 1.00
   7   5000  0    871   1131  1  1.5032865D-13  7.4541949D-07   26 0.10 1.00
   7   5000  0    891   1170  1  2.2846123D-13  9.2971886D-07   27 0.30 1.00
   7   5000  0    929   1188  1  1.5066007D-13  8.8923382D-07   30 0.50 1.00
   7   5000  0    869   1144  1  2.6348112D-14  9.8440856D-07   30 0.70 1.00
   7   5000  0    868   1130  1  8.3021902D-14  9.7826105D-07   27 0.90 1.00
   7   5000  0    934   1205  2  2.2228478D-13  9.2174075D-07   30 0.10 1.00
   7   5000  0    978   1287  2  2.4275738D-13  9.6956406D-07   33 0.30 1.00
   7   5000  0    900   1149  2  2.5262279D-13  9.9758463D-07   26 0.50 1.00
   7   5000  0    885   1148  2  2.8055659D-14  9.9843682D-07   28 0.70 1.00
   7   5000  0    858   1099  2  5.1601351D-14  9.6850962D-07   27 0.90 1.00
   7   5000  0    871   1131  3  1.5032865D-13  7.4541949D-07   28 0.10 1.00
   7   5000  0    891   1170  3  2.2846123D-13  9.2971886D-07   26 0.30 1.00
   7   5000  0    929   1188  3  1.5066007D-13  8.8923382D-07   31 0.50 1.00
   7   5000  0    869   1144  3  2.6348112D-14  9.8440856D-07   29 0.70 1.00
   7   5000  0    868   1130  3  8.3021902D-14  9.7826105D-07   25 0.90 1.00
   8   5000  0    816   1077  1  1.2502500D+06  9.9030177D-07   33 0.10 1.00
   8   5000  0    782   1082  1  1.2502500D+06  9.9030760D-07   36 0.30 1.00
   8   5000  0    724    972  1  1.2502500D+06  9.9889013D-07   29 0.50 1.00
   8   5000  0    766   1046  1  1.2502500D+06  8.6214053D-07   37 0.70 1.00
   8   5000  0    812   1101  1  1.2502500D+06  9.9860310D-07   34 0.90 1.00
   8   5000  0    708    957  2  1.2502500D+06  7.1127725D-07   28 0.10 1.00
   8   5000  0    859   1183  2  1.2502500D+06  5.7871051D-07   36 0.30 1.00
   8   5000  0    669    897  2  1.2502500D+06  8.6186407D-07   28 0.50 1.00
   8   5000  0    876   1176  2  1.2502500D+06  8.6178065D-07   41 0.70 1.00
   8   5000  0    815   1103  2  1.2502500D+06  6.3082002D-07   33 0.90 1.00
   8   5000  0    642    884  3  1.2502500D+06  8.7966039D-07   28 0.10 1.00
   8   5000  0    715    941  3  1.2502500D+06  9.7307300D-07   28 0.30 1.00
   8   5000  0    730   1005  3  1.2502500D+06  9.0920277D-07   31 0.50 1.00
   8   5000  0    792   1048  3  1.2502500D+06  9.8254143D-07   32 0.70 1.00
   8   5000  0    789   1077  3  1.2502500D+06  9.4733936D-07   34 0.90 1.00
   9   5000  0      4     23  1  5.0000000D+03  9.1446245D-09    0 0.10 1.00
   9   5000  0      4     23  1  5.0000000D+03  9.1481583D-09    0 0.30 1.00
   9   5000  0      4     23  1  5.0000000D+03  9.1424668D-09    0 0.50 1.00
   9   5000  0      4     23  1  5.0000000D+03  9.1451766D-09    2 0.70 1.00
   9   5000  0      4     23  1  5.0000000D+03  9.1431545D-09    0 0.90 1.00
   9   5000  0      4     23  2  5.0000000D+03  9.1432875D-09    0 0.10 1.00
   9   5000  0      4     23  2  5.0000000D+03  9.1440573D-09    0 0.30 1.00
   9   5000  0      4     23  2  5.0000000D+03  9.1456356D-09    1 0.50 1.00
   9   5000  0      4     23  2  5.0000000D+03  9.1456568D-09    0 0.70 1.00
   9   5000  0      4     23  2  5.0000000D+03  9.1442467D-09    0 0.90 1.00
   9   5000  0      4     23  3  5.0000000D+03  9.1492168D-09    2 0.10 1.00
   9   5000  0      4     23  3  5.0000000D+03  9.1449381D-09    0 0.30 1.00
   9   5000  0      4     23  3  5.0000000D+03  9.1479486D-09    0 0.50 1.00
   9   5000  0      4     23  3  5.0000000D+03  9.1425790D-09    0 0.70 1.00
   9   5000  0      4     23  3  5.0000000D+03  9.1416889D-09    1 0.90 1.00
  12   5000  0   8689 256268  1 -1.2478529D+07  9.9703449D-07 6695 0.10 1.00
  12   5000  0   5522 151434  1 -1.2478529D+07  9.8737171D-07 3960 0.30 1.00
  12   5000  0   6953 198666  1 -1.2478529D+07  9.6258748D-07 5186 0.50 1.00
  12   5000  0   4659 129034  1 -1.2478529D+07  6.8920925D-07 3378 0.70 1.00
  12   5000  0   6547 188878  1 -1.2478529D+07  9.9115415D-07 4924 0.90 1.00
  12   5000  0   5046 138729  2 -1.2478529D+07  9.9246873D-07 3643 0.10 1.00
  12   5000  0   5318 146059  2 -1.2478529D+07  9.9790049D-07 3823 0.30 1.00
  12   5000  0   6035 173382  2 -1.2478529D+07  9.6605672D-07 4530 0.50 1.00
  12   5000  0   5377 148470  2 -1.2478529D+07  9.3235969D-07 3891 0.70 1.00
  12   5000  0   6948 201802  2 -1.2478529D+07  9.9593623D-07 5274 0.90 1.00
  12   5000  0   5094 138231  3 -1.2478529D+07  9.6343288D-07 3892 0.10 1.00
  12   5000  0   5355 150463  3 -1.2478529D+07  9.8636264D-07 4277 0.30 1.00
  12   5000  0   3815 101864  3 -1.2478529D+07  9.6476047D-07 2861 0.50 1.00
  12   5000  0   5278 147280  3 -1.2478529D+07  9.9061773D-07 4133 0.70 1.00
  12   5000  0   4684 127316  3 -1.2478529D+07  9.7629877D-07 3571 0.90 1.00
  13   5000  0   1461  46244  1 -6.8960676D+05  9.7462176D-07  876 0.10 1.00
  13   5000  0   1779  57177  1 -6.8960676D+05  9.3375854D-07 1083 0.30 1.00
  13   5000  0    558  16192  1 -6.8960676D+05  8.9726280D-07  309 0.50 1.00
  13   5000  0   1015  31549  1 -6.8960676D+05  9.5691823D-07  600 0.70 1.00
  13   5000  0   1575  49813  1 -6.8960676D+05  9.4148722D-07  946 0.90 1.00
  13   5000  0   2128  68379  2 -6.8960676D+05  9.6379627D-07 1299 0.10 1.00
  13   5000  0   1056  32938  2 -6.8960676D+05  9.4165319D-07  625 0.30 1.00
  13   5000  0   1653  52673  2 -6.8960676D+05  8.7699614D-07 1000 0.50 1.00
  13   5000  0   1704  54071  2 -6.8960676D+05  9.6538410D-07 1026 0.70 1.00
  13   5000  0   1212  37806  2 -6.8960676D+05  9.9894305D-07  719 0.90 1.00
  13   5000  0   1516  47991  3 -6.8960676D+05  9.3977565D-07  992 0.10 1.00
  13   5000  0   1904  61041  3 -6.8960676D+05  9.5108172D-07 1237 0.30 1.00
  13   5000  0   1424  45038  3 -6.8960676D+05  9.8036875D-07  933 0.50 1.00
  13   5000  0    898  27738  3 -6.8960676D+05  9.9065603D-07  573 0.70 1.00
  13   5000  0   1131  35157  3 -6.8960676D+05  9.3508724D-07  723 0.90 1.00
  14   5000  0     36    474  1  4.9972103D+03  9.0781472D-07   11 0.10 1.00
  14   5000  0     55   1053  1  4.9972103D+03  6.8101759D-07   25 0.30 1.00
  14   5000  0     22     59  1  4.9972103D+03  9.7441743D-07    3 0.50 1.00
  14   5000  0     39    549  1  4.9972103D+03  8.2115190D-07   14 0.70 1.00
  14   5000  0     35    355  1  4.9972103D+03  8.5238841D-07    8 0.90 1.00
  14   5000  0     54   1019  2  4.9972103D+03  2.9948359D-07   25 0.10 1.00
  14   5000  0     41    580  2  4.9972103D+03  7.8431927D-07   14 0.30 1.00
  14   5000  0     23     61  2  4.9972103D+03  7.3161842D-07    2 0.50 1.00
  14   5000  0     22     59  2  4.9972103D+03  8.2630218D-07    2 0.70 1.00
  14   5000  0     39    552  2  4.9972103D+03  6.6614819D-07   15 0.90 1.00
  14   5000  0     26    162  3  4.9972103D+03  9.1143634D-07    3 0.10 1.00
  14   5000  0     40    604  3  4.9972103D+03  9.6838838D-07   16 0.30 1.00
  14   5000  0     37    503  3  4.9972103D+03  9.4132084D-07   14 0.50 1.00
  14   5000  0     31    294  3  4.9972103D+03  9.3182009D-07    8 0.70 1.00
  14   5000  0     22     59  3  4.9972103D+03  7.9398601D-07    2 0.90 1.00
  15   5000  0     10     31  1  1.3628519D-06  9.6136011D-07    0 0.10 1.00
  15   5000  0     11     40  1  1.4479862D-09  4.7927223D-07    1 0.30 1.00
  15   5000  0     12     44  1  2.0081054D-09  9.0985052D-07    0 0.50 1.00
  15   5000  0     10     51  1  1.6865964D-10  1.3321318D-07    2 0.70 1.00
  15   5000  0     10     39  1  7.4356575D-10  9.6916810D-07    0 0.90 1.00
  15   5000  0     16     47  2  9.3909812D-10  2.2452855D-07    1 0.10 1.00
  15   5000  0     11     31  2  6.9500887D-07  8.3055040D-07    0 0.30 1.00
  15   5000  0     16     46  2  1.0818144D-06  6.8970380D-07    2 0.50 1.00
  15   5000  0     15     38  2  1.2914782D-06  4.4151129D-07    0 0.70 1.00
  15   5000  0     12     40  2  1.7511567D-07  9.9596299D-08    1 0.90 1.00
  15   5000  0     10     35  3  6.2576037D-08  8.0621426D-07    0 0.10 1.00
  15   5000  0     13     48  3  9.1209934D-11  1.0017821D-07    2 0.30 1.00
  15   5000  0     11     41  3  1.4663078D-12  4.7745327D-08    0 0.50 1.00
  15   5000  0     14     50  3  4.6445262D-11  1.4278557D-07    2 0.70 1.00
  15   5000  0     17     47  3  1.1095510D-09  4.4969554D-07    1 0.90 1.00
  17   5000  0     44     88  1  2.4784702D+00  5.6398036D-07    3 0.10 1.00
  17   5000  0     46     94  1  2.4784702D+00  9.9203366D-07    3 0.30 1.00
  17   5000  0     50     99  1  2.4784702D+00  6.3946315D-07    1 0.50 1.00
  17   5000  0     48     95  1  2.4784702D+00  7.4090682D-07    4 0.70 1.00
  17   5000  0     48     93  1  2.4784702D+00  8.3637981D-07    1 0.90 1.00
  17   5000  0     46     95  2  2.4784702D+00  5.6442199D-07    3 0.10 1.00
  17   5000  0     45     96  2  2.4784702D+00  6.7659315D-07    2 0.30 1.00
  17   5000  0     47     94  2  2.4784702D+00  7.7657084D-07    3 0.50 1.00
  17   5000  0     46     94  2  2.4784702D+00  7.3399675D-07    3 0.70 1.00
  17   5000  0     46     95  2  2.4784702D+00  9.3159158D-07    3 0.90 1.00
  17   5000  0     48     99  3  9.5841278D-01  8.0091593D-07    2 0.10 1.00
  17   5000  0     53    106  3  2.2218042D+00  9.2865171D-07    3 0.30 1.00
  17   5000  0     51    102  3  2.2218042D+00  7.2268324D-07    3 0.50 1.00
  17   5000  0     53    101  3  2.8529332D+00  8.9974025D-07    2 0.70 1.00
  17   5000  0     44     90  3  2.4784702D+00  8.5170472D-07    3 0.90 1.00
  18   5000  0      2      7  1  2.6082808D-17  1.0139561D-09    0 0.10 1.00
  18   5000  0      1      5  1  8.1524280D-12  8.0758504D-07    0 0.30 1.00
  18   5000  0      1      5  1  4.1598726D-12  5.7687908D-07    0 0.50 1.00
  18   5000  0      1      5  1  1.4979488D-12  3.4617306D-07    0 0.70 1.00
  18   5000  0      1      5  1  1.6665832D-13  1.1546710D-07    0 0.90 1.00
  18   5000  0      2      7  2  2.6082808D-17  1.0139561D-09    0 0.10 1.00
  18   5000  0      1      5  2  8.1524280D-12  8.0758504D-07    0 0.30 1.00
  18   5000  0      1      5  2  4.1598726D-12  5.7687908D-07    0 0.50 1.00
  18   5000  0      1      5  2  1.4979488D-12  3.4617306D-07    0 0.70 1.00
  18   5000  0      1      5  2  1.6665832D-13  1.1546710D-07    0 0.90 1.00
  18   5000  0      2      7  3  2.6082808D-17  1.0139561D-09    0 0.10 1.00
  18   5000  0      1      5  3  8.1524280D-12  8.0758504D-07    0 0.30 1.00
  18   5000  0      1      5  3  4.1598726D-12  5.7687908D-07    0 0.50 1.00
  18   5000  0      1      5  3  1.4979488D-12  3.4617306D-07    0 0.70 1.00
  18   5000  0      1      5  3  1.6665832D-13  1.1546710D-07    0 0.90 1.00
  19   5000  0      3     11  1  3.4657359D+03  4.2069254D-07    1 0.10 1.00
  19   5000  0      3     11  1  3.4657359D+03  4.2069254D-07    0 0.30 1.00
  19   5000  0      3     11  1  3.4657359D+03  4.2069255D-07    2 0.50 1.00
  19   5000  0      3     11  1  3.4657359D+03  4.2069254D-07    0 0.70 1.00
  19   5000  0      3     11  1  3.4657359D+03  4.2069254D-07    0 0.90 1.00
  19   5000  0      3     11  2  3.4657359D+03  4.2069253D-07    1 0.10 1.00
  19   5000  0      3     11  2  3.4657359D+03  4.2069253D-07    0 0.30 1.00
  19   5000  0      3     11  2  3.4657359D+03  4.2069253D-07    0 0.50 1.00
  19   5000  0      3     11  2  3.4657359D+03  4.2069254D-07    2 0.70 1.00
  19   5000  0      3     11  2  3.4657359D+03  4.2069253D-07    0 0.90 1.00
  19   5000  0      3     11  3  3.4657359D+03  4.2069254D-07    0 0.10 1.00
  19   5000  0      3     11  3  3.4657359D+03  4.2069253D-07    1 0.30 1.00
  19   5000  0      3     11  3  3.4657359D+03  4.2069253D-07    0 0.50 1.00
  19   5000  0      3     11  3  3.4657359D+03  4.2069255D-07    0 0.70 1.00
  19   5000  0      3     11  3  3.4657359D+03  4.2069254D-07    2 0.90 1.00
  20   5000  0      7     31  1  3.9707789D-11  8.4752440D-07    0 0.10 1.00
  20   5000  0     10     34  1  1.2175869D-11  4.8002880D-07    0 0.30 1.00
  20   5000  0     11     47  1  5.1668812D-22  5.5031535D-12    0 0.50 1.00
  20   5000  0     10     31  1  2.3244654D-20  3.6582293D-11    2 0.70 1.00
  20   5000  0     10     28  1  1.3347078D-16  2.7718343D-09    0 0.90 1.00
  20   5000  0     10     57  2  1.1438483D-23  8.2067686D-13    1 0.10 1.00
  20   5000  0      9     35  2  2.4653797D-14  2.1052280D-08    0 0.30 1.00
  20   5000  0      9     34  2  5.1249280D-14  4.7616620D-08    0 0.50 1.00
  20   5000  0     10     34  2  2.1361805D-14  3.5490348D-08    0 0.70 1.00
  20   5000  0      9     31  2  7.1238084D-22  5.6239458D-12    1 0.90 1.00
  20   5000  0      8     27  3  2.1232601D-19  9.0492946D-11    0 0.10 1.00
  20   5000  0      9     30  3  7.6945019D-21  2.1163515D-11    0 0.30 1.00
  20   5000  0      8     26  3  7.9140037D-12  3.9918274D-07    0 0.50 1.00
  20   5000  0      9     34  3  1.7552155D-25  9.4146912D-14    2 0.70 1.00
  20   5000  0     11     39  3  6.6461531D-25  1.5454305D-13    0 0.90 1.00
  21   5000  0    374    984  1  4.9987220D+03  9.4185519D-07   36 0.10 1.00
  21   5000  0    391    707  1  4.9987220D+03  7.0815881D-07   25 0.30 1.00
  21   5000  0    708   2270  1  4.9987220D+03  7.5726229D-07   76 0.50 1.00
  21   5000  0    697   2495  1  4.9987220D+03  5.5909025D-07   83 0.70 1.00
  21   5000  0    720   2159  1  4.9987220D+03  9.8861304D-07   78 0.90 1.00
  21   5000  0    399    944  2  4.9987220D+03  9.7271124D-07   32 0.10 1.00
  21   5000  0    587   1146  2  4.9987220D+03  5.1509256D-07   42 0.30 1.00
  21   5000  0    448    847  2  4.9987220D+03  9.6143099D-07   36 0.50 1.00
  21   5000  0    576   1387  2  4.9987220D+03  9.0772882D-07   49 0.70 1.00
  21   5000  0    391    674  2  4.9987220D+03  9.1926937D-07   28 0.90 1.00
  21   5000  0    774   1915  3  4.9987220D+03  9.0765199D-07   72 0.10 1.00
  21   5000  0    617   1096  3  4.9987220D+03  6.0183423D-07   45 0.30 1.00
  21   5000  0    464    856  3  4.9987220D+03  7.4724301D-07   32 0.50 1.00
  21   5000  0    471   1278  3  4.9987220D+03  8.6708480D-07   43 0.70 1.00
  21   5000  0    466   1666  3  4.9987220D+03  8.0400165D-07   58 0.90 1.00
  22   5000  0      9     33  1  1.9329976D+03  4.2727395D-07    2 0.10 1.00
  22   5000  0     10     36  1  1.9329976D+03  9.4055153D-10    0 0.30 1.00
  22   5000  0     12     47  1  1.9329976D+03  3.0828171D-07    3 0.50 1.00
  22   5000  0     11     33  1  1.9329976D+03  4.1390980D-09    1 0.70 1.00
  22   5000  0      9     35  1  1.9329976D+03  2.6705893D-10    0 0.90 1.00
  22   5000  0     10     34  2  1.9329976D+03  2.9535455D-07    2 0.10 1.00
  22   5000  0     11     32  2  1.9329976D+03  1.1375652D-08    1 0.30 1.00
  22   5000  0     13     47  2  1.9329976D+03  8.7639374D-08    2 0.50 1.00
  22   5000  0     12     32  2  1.9329976D+03  2.6670035D-07    1 0.70 1.00
  22   5000  0     10     37  2  1.9329976D+03  1.7204405D-10    2 0.90 1.00
  22   5000  0     10     29  3  1.9329976D+03  7.6817170D-08    0 0.10 1.00
  22   5000  0     10     29  3  1.9329976D+03  1.6202280D-07    2 0.30 1.00
  22   5000  0      8     23  3  1.9329976D+03  7.8941486D-07    0 0.50 1.00
  22   5000  0      8     25  3  1.9329976D+03  8.6532431D-07    1 0.70 1.00
  22   5000  0     11     36  3  1.9329976D+03  1.2012913D-08    2 0.90 1.00
  23   5000  0    112    214  1  5.4185101D-07  6.8139621D-07    3 0.10 1.00
  23   5000  0     97    192  1  1.6149120D-07  8.8103844D-07    5 0.30 1.00
  23   5000  0     79    158  1  1.2543155D-08  6.9319245D-07    3 0.50 1.00
  23   5000  0     90    170  1  3.1507133D-08  9.2069208D-07    3 0.70 1.00
  23   5000  0     41     94  1  4.5642456D-08  9.5993980D-08    1 0.90 1.00
  23   5000  0     56    105  2  6.5589673D-07  9.5385492D-07    2 0.10 1.00
  23   5000  0     68    132  2  2.3124373D-07  8.2964989D-07    3 0.30 1.00
  23   5000  0     72    136  2  6.9950915D-07  4.6393128D-07    3 0.50 1.00
  23   5000  0     80    149  2  4.0366421D-07  8.8013814D-07    5 0.70 1.00
  23   5000  0     41     79  2  7.1578557D-07  5.1443957D-07    2 0.90 1.00
  23   5000  0     87    157  3  1.1024386D-07  8.1572197D-08    3 0.10 1.00
  23   5000  0    148    285  3  9.6127606D-07  8.2174001D-07    6 0.30 1.00
  23   5000  0     41     80  3  7.9360985D-10  6.5339907D-07    2 0.50 1.00
  23   5000  0    110    203  3  9.7264627D-07  8.9209398D-07    3 0.70 1.00
  23   5000  0     78    148  3  6.4867505D-08  5.7294551D-07    3 0.90 1.00
  24   5000  0      9     32  1  3.7257024D-17  7.1528924D-10    2 0.10 1.00
  24   5000  0      9     52  1  9.6075673D-20  3.6200168D-11    1 0.30 1.00
  24   5000  0     10     33  1  2.9885167D-14  1.9461869D-08    0 0.50 1.00
  24   5000  0      7     29  1  3.0545250D-11  3.3500333D-07    1 0.70 1.00
  24   5000  0      9     37  1  8.7485402D-11  8.3336887D-07    1 0.90 1.00
  24   5000  0     10     35  2  2.7756053D-11  5.2794530D-07    0 0.10 1.00
  24   5000  0      9     33  2  1.7746846D-13  4.9213375D-08    0 0.30 1.00
  24   5000  0      9     43  2  2.3423005D-16  1.7709473D-09    1 0.50 1.00
  24   5000  0      9     33  2  6.5219653D-13  9.4385433D-08    0 0.70 1.00
  24   5000  0      8     29  2  1.2547952D-15  4.0104181D-09    0 0.90 1.00
  24   5000  0      7     27  3  3.5392906D-13  6.8666270D-08    2 0.10 1.00
  24   5000  0      6     25  3  1.9736980D-11  2.6796655D-07    0 0.30 1.00
  24   5000  0      6     40  3  1.3028339D-12  1.3049856D-07    0 0.50 1.00
  24   5000  0      9     32  3  1.5515521D-11  4.5616298D-07    1 0.70 1.00
  24   5000  0     11     39  3  2.0417276D-15  4.8864072D-09    0 0.90 1.00
  25   5000  0     42    103  1 -2.5015606D+03  3.5423224D-07    3 0.10 1.00
  25   5000  0     48    117  1 -2.5015606D+03  8.7457899D-08    2 0.30 1.00
  25   5000  0     50    112  1 -2.5015606D+03  7.8800878D-07    2 0.50 1.00
  25   5000  0     43    111  1 -2.5015606D+03  1.6559983D-07    1 0.70 1.00
  25   5000  0     51    127  1 -2.5015606D+03  6.2731738D-07    2 0.90 1.00
  25   5000  0     55    136  2 -2.5015606D+03  3.5425556D-07    1 0.10 1.00
  25   5000  0     48    121  2 -2.5015606D+03  6.9904792D-07    2 0.30 1.00
  25   5000  0     39     93  2 -2.5015606D+03  3.6964851D-09    1 0.50 1.00
  25   5000  0     46    119  2 -2.5015606D+03  8.0234436D-07    2 0.70 1.00
  25   5000  0     47    104  2 -2.5015606D+03  2.3715747D-08    2 0.90 1.00
  25   5000  0     47    107  3 -2.5015606D+03  2.4438626D-07    1 0.10 1.00
  25   5000  0     46    110  3 -2.5015606D+03  3.9289946D-07    2 0.30 1.00
  25   5000  0     46    114  3 -2.5015606D+03  6.4229937D-07    1 0.50 1.00
  25   5000  0     45    114  3 -2.5015606D+03  9.1417693D-07    2 0.70 1.00
  25   5000  0     50    130  3 -2.5015606D+03  2.9007538D-08    1 0.90 1.00
  26   5000  0      9     35  1  4.9946654D+02  2.0389533D-07    0 0.10 1.00
  26   5000  1  10000  10022  1            NaN            NaN  311 0.30 1.00
  26   5000  0     13     41  1  4.9946653D+02  3.2038335D-08    2 0.50 1.00
  26   5000  0     13     41  1  4.9946654D+02  2.4425889D-07    1 0.70 1.00
  26   5000  0     11     37  1  4.9946653D+02  1.7465402D-08    0 0.90 1.00
  26   5000  0     12     42  2  4.9946653D+02  1.3565638D-08    2 0.10 1.00
  26   5000  0     10     31  2  4.9946654D+02  5.8189272D-07    0 0.30 1.00
  26   5000  0     10     27  2  4.9946653D+02  4.0015654D-08    0 0.50 1.00
  26   5000  0     11     29  2  4.9946653D+02  3.8093242D-07    2 0.70 1.00
  26   5000  0      9     43  2  4.9946653D+02  1.1157737D-07    0 0.90 1.00
  26   5000  1  10000  10022  3            NaN            NaN  319 0.10 1.00
  26   5000  1  10000  10022  3            NaN            NaN  322 0.30 1.00
  26   5000  0     10     34  3  4.9946653D+02  1.5652469D-07    0 0.50 1.00
  26   5000  0     11     36  3  4.9946653D+02  6.0285719D-09    1 0.70 1.00
  26   5000  0      8     40  3  4.9946653D+02  5.1160135D-07    0 0.90 1.00
  27   5000  0    480    883  1  5.2293457D-11  9.9096740D-07   19 0.10 1.00
  27   5000  0    496    899  1  1.6460320D-11  9.6592841D-07   20 0.30 1.00
  27   5000  0    557   1045  1  3.6094607D-11  9.9436459D-07   22 0.50 1.00
  27   5000  0    452    842  1  3.9977285D-11  9.7429743D-07   18 0.70 1.00
  27   5000  0    498    926  1  2.8059686D-11  8.5685745D-07   21 0.90 1.00
  27   5000  0    547    989  2  4.2213483D-11  9.0223258D-07   20 0.10 1.00
  27   5000  0    609   1121  2  1.2695937D-11  8.6084403D-07   24 0.30 1.00
  27   5000  0    476    861  2  3.1370669D-11  8.4320363D-07   21 0.50 1.00
  27   5000  0    512    939  2  1.0079483D-11  9.7525861D-07   20 0.70 1.00
  27   5000  0    593   1062  2  9.6075820D-13  9.2722779D-07   20 0.90 1.00
  27   5000  0    480    883  3  5.2293457D-11  9.9096740D-07   19 0.10 1.00
  27   5000  0    496    899  3  1.6460320D-11  9.6592841D-07   21 0.30 1.00
  27   5000  0    557   1045  3  3.6094607D-11  9.9436459D-07   22 0.50 1.00
  27   5000  0    452    842  3  3.9977285D-11  9.7429743D-07   16 0.70 1.00
  27   5000  0    498    926  3  2.8059686D-11  8.5685745D-07   20 0.90 1.00
  28   5000  0     39     80  1  6.8570904D-16  7.5328384D-09    2 0.10 1.00
  28   5000  0     52     99  1  1.3525071D-10  3.5905594D-07    1 0.30 1.00
  28   5000  0     43     85  1  2.0618680D-17  5.1242877D-09    2 0.50 1.00
  28   5000  0     45     90  1  1.4631253D-10  4.5378709D-07    1 0.70 1.00
  28   5000  0     48     94  1  2.2254563D-11  9.0863986D-07    2 0.90 1.00
  28   5000  0     41     83  2  3.5663413D-15  3.9104974D-08    2 0.10 1.00
  28   5000  0     41     83  2  1.2769233D-09  9.1708682D-07    1 0.30 1.00
  28   5000  0     36     74  2  5.0548705D-12  4.9565150D-07    0 0.50 1.00
  28   5000  0     39     79  2  4.1104126D-13  4.0780239D-08    2 0.70 1.00
  28   5000  0     59    118  2  4.2867721D-12  7.8010056D-07    3 0.90 1.00
  28   5000  0     48     95  3  7.7429268D-10  7.4629320D-07    1 0.10 1.00
  28   5000  0     60    113  3  1.5495417D-13  8.1659877D-08    2 0.30 1.00
  28   5000  0     32     67  3  1.8378577D-10  9.0237211D-07    3 0.50 1.00
  28   5000  0     46     91  3  3.1262343D-13  1.2235344D-08    2 0.70 1.00
  28   5000  0     41     84  3  2.5080018D-14  4.4181075D-09    1 0.90 1.00
  29   5000  0     58    122  1  9.8179501D-10  6.5292218D-07    2 0.10 1.00
  29   5000  0     54    121  1  1.6022362D-13  3.0161118D-09    1 0.30 1.00
  29   5000  0     66    144  1  1.8462102D-13  3.1216558D-09    3 0.50 1.00
  29   5000  0     56    117  1  1.2863316D-13  7.1744951D-07    2 0.70 1.00
  29   5000  0     57    129  1  2.8349163D-13  9.9576821D-07    3 0.90 1.00
  29   5000  0     67    150  2  2.9377583D-11  4.1004641D-08    3 0.10 1.00
  29   5000  0     56    126  2  5.0723784D-13  9.3632048D-07    2 0.30 1.00
  29   5000  0     58    139  2  3.5042932D-14  3.7061141D-07    3 0.50 1.00
  29   5000  0     53    116  2  4.4305478D-13  6.8358154D-09    2 0.70 1.00
  29   5000  0     61    127  2  2.1770906D-12  2.7199858D-07    1 0.90 1.00
  29   5000  0     62    127  3  1.2013842D-12  1.1585367D-08    3 0.10 1.00
  29   5000  0     61    120  3  4.6287727D-19  4.5474735D-12    2 0.30 1.00
  29   5000  0     59    127  3  3.8097217D-13  8.5845570D-09    1 0.50 1.00
  29   5000  0     64    136  3  5.9094214D-10  1.9161235D-07    3 0.70 1.00
  29   5000  0     61    128  3  6.2165728D-14  4.9868254D-07    2 0.90 1.00
  30   5000  0    919   1203  1 -1.0000000D-04  9.9645514D-07   25 0.10 1.00
  30   5000  0    876   1138  1 -1.0000000D-04  9.3181881D-07   26 0.30 1.00
  30   5000  0    878   1136  1 -1.0000000D-04  9.0278493D-07   27 0.50 1.00
  30   5000  0    909   1158  1 -1.0000000D-04  7.0594829D-07   26 0.70 1.00
  30   5000  0    969   1256  1 -1.0000000D-04  9.3078889D-07   28 0.90 1.00
  30   5000  0    937   1220  2 -9.9999999D-05  9.9986975D-07   27 0.10 1.00
  30   5000  0    988   1264  2 -1.0000000D-04  9.8742340D-07   29 0.30 1.00
  30   5000  0    974   1265  2 -9.9999999D-05  9.9435502D-07   28 0.50 1.00
  30   5000  0    784   1013  2 -1.0000000D-04  9.6220201D-07   23 0.70 1.00
  30   5000  0    750    974  2 -9.9999999D-05  9.9681395D-07   22 0.90 1.00
  30   5000  0    919   1203  3 -1.0000000D-04  9.9645514D-07   29 0.10 1.00
  30   5000  0    876   1138  3 -1.0000000D-04  9.3181881D-07   28 0.30 1.00
  30   5000  0    878   1136  3 -1.0000000D-04  9.0278493D-07   29 0.50 1.00
  30   5000  0    909   1158  3 -1.0000000D-04  7.0594829D-07   25 0.70 1.00
  30   5000  0    969   1256  3 -1.0000000D-04  9.3078889D-07   31 0.90 1.00
  31   5000  0     67   1374  1  1.9990001D+04  6.8628082D-07   14 0.10 1.00
  31   5000  1  10000 335672  1  1.9990001D+04  1.9777094D-05 3416 0.30 1.00
  31   5000  0   1240  40992  1  1.9990001D+04  9.9979486D-07  429 0.50 1.00
  31   5000  0   4662 155988  1  1.9990001D+04  4.5587941D-07 1571 0.70 1.00
  31   5000  0   2548  84881  1  1.9990001D+04  9.7539722D-07  845 0.90 1.00
  31   5000  0   6259 209811  2  1.9990001D+04  9.2599281D-07 2129 0.10 1.00
  31   5000  0     19     78  2  1.9990001D+04  1.3974481D-07    1 0.30 1.00
  31   5000  0     24    219  2  1.9990001D+04  8.9263735D-07    4 0.50 1.00
  31   5000  0     29    328  2  1.9990001D+04  9.8280211D-07    3 0.70 1.00
  31   5000  0     13     57  2  1.9990001D+04  7.5390439D-07    1 0.90 1.00
  31   5000  0   9328 313075  3  1.9990001D+04  5.5740182D-07 3190 0.10 1.00
  31   5000  0     21    287  3  1.9990001D+04  5.7638169D-07    3 0.30 1.00
  31   5000  0     18     78  3  1.9990001D+04  2.5484401D-07    1 0.50 1.00
  31   5000  0     18     66  3  1.9990001D+04  1.2570843D-07    0 0.70 1.00
  31   5000  0   3738 125079  3  1.9990001D+04  9.9999879D-07 1263 0.90 1.00
  32   5000  0     19     87  1  6.9255691D-17  1.7438424D-07    3 0.10 1.00
  32   5000  0     12     55  1  2.6396675D-16  2.5482905D-09    1 0.30 1.00
  32   5000  0     15     56  1  4.8270583D-14  1.5050773D-07    3 0.50 1.00
  32   5000  0     20     65  1  4.8215890D-16  1.5725846D-07    2 0.70 1.00
  32   5000  0     23     77  1  3.2266760D-13  4.3128978D-07    3 0.90 1.00
  32   5000  0     27     86  2  2.0823472D-15  2.7565079D-08    3 0.10 1.00
  32   5000  0     28     79  2  1.5582168D-21  1.1084467D-10    3 0.30 1.00
  32   5000  0     26     82  2  1.7085030D-16  7.3612227D-09    2 0.50 1.00
  32   5000  0     27     82  2  7.5247096D-18  9.8648911D-08    3 0.70 1.00
  32   5000  0     31     89  2  4.0618553D-18  5.3458393D-08    3 0.90 1.00
  32   5000  0     15     55  3  8.0017616D-20  1.0714984D-09    2 0.10 1.00
  32   5000  0     14     56  3  1.8681282D-19  1.6715944D-08    1 0.30 1.00
  32   5000  0     12     53  3  6.3296832D-19  1.1186785D-09    2 0.50 1.00
  32   5000  0     18     66  3  2.6784182D-17  1.9689310D-07    1 0.70 1.00
  32   5000  0     24     74  3  2.4454530D-14  5.8910814D-08    1 0.90 1.00
  33   5000  0   1051   1350  1 -1.0000250D+00  8.4323307D-07   30 0.10 1.00
  33   5000  0   1090   1414  1 -1.0000250D+00  9.4773503D-07   31 0.30 1.00
  33   5000  0    928   1189  1 -1.0000250D+00  9.1104202D-07   31 0.50 1.00
  33   5000  0   1026   1299  1 -1.0000250D+00  9.9851177D-07   26 0.70 1.00
  33   5000  0   1048   1373  1 -1.0000250D+00  9.6729324D-07   35 0.90 1.00
  33   5000  0   1039   1339  2 -1.0000250D+00  9.9492395D-07   28 0.10 1.00
  33   5000  0    968   1243  2 -1.0000250D+00  9.5321155D-07   30 0.30 1.00
  33   5000  0    968   1251  2 -1.0000250D+00  9.1913310D-07   27 0.50 1.00
  33   5000  0   1086   1402  2 -1.0000250D+00  9.2076972D-07   32 0.70 1.00
  33   5000  0   1172   1521  2 -1.0000250D+00  9.4620480D-07   37 0.90 1.00
  33   5000  0    908   1161  3 -1.0000250D+00  9.8998149D-07   26 0.10 1.00
  33   5000  0    933   1207  3 -1.0000250D+00  9.9894555D-07   28 0.30 1.00
  33   5000  0   1223   1562  3 -1.0000250D+00  9.7932145D-07   36 0.50 1.00
  33   5000  0    963   1253  3 -1.0000250D+00  7.6952229D-07   28 0.70 1.00
  33   5000  0    816   1044  3 -1.0000250D+00  9.8290779D-07   26 0.90 1.00
  34   5000  0      4     29  1  3.9658814D+04  7.1519873D-13    0 0.10 1.00
  34   5000  0      4     30  1  3.9658814D+04  8.1789677D-07    1 0.30 1.00
  34   5000  0      3     27  1  3.9658814D+04  2.6513169D-09    0 0.50 1.00
  34   5000  0      3     27  1  3.9658814D+04  1.0500611D-07    0 0.70 1.00
  34   5000  0      3     27  1  3.9658814D+04  2.6238759D-09    0 0.90 1.00
  34   5000  0      4     29  2  3.9658814D+04  8.1756130D-13    2 0.10 1.00
  34   5000  0      4     29  2  3.9658814D+04  8.1756130D-13    0 0.30 1.00
  34   5000  0      4     29  2  3.9658814D+04  6.0927999D-13    0 0.50 1.00
  34   5000  0      4     29  2  3.9658814D+04  6.0927999D-13    1 0.70 1.00
  34   5000  0      3     27  2  3.9658814D+04  3.5603463D-07    0 0.90 1.00
  34   5000  0      4     29  3  3.9658814D+04  6.0927999D-13    0 0.10 1.00
  34   5000  0     29    885  3  3.9658814D+04  9.0522551D-07   14 0.30 1.00
  34   5000  0     20    589  3  3.9658814D+04  8.8488974D-07    7 0.50 1.00
  34   5000  0      3     27  3  3.9658814D+04  2.6238759D-09    1 0.70 1.00
  34   5000  0      4     29  3  3.9658814D+04  6.0927999D-13    0 0.90 1.00
  35   5000  0     89   1942  1  1.9482559D+03  9.5340312D-07   27 0.10 1.00
  35   5000  0     92   2069  1  1.9482559D+03  9.1807694D-07   23 0.30 1.00
  35   5000  0     64   1071  1  1.9482559D+03  9.1066589D-07   16 0.50 1.00
  35   5000  0     32     81  1  1.9482559D+03  9.8935797D-07    1 0.70 1.00
  35   5000  0     31     82  1  1.9482559D+03  8.7911269D-07    2 0.90 1.00
  35   5000  0     46    506  2  1.9482559D+03  8.3926264D-07    8 0.10 1.00
  35   5000  0     74   1506  2  1.9482559D+03  9.7990780D-07   18 0.30 1.00
  35   5000  0     51    586  2  1.9482559D+03  7.8909592D-07    6 0.50 1.00
  35   5000  0    127   3385  2  1.9482559D+03  9.1827581D-07   45 0.70 1.00
  35   5000  0    177   4732  2  1.9482559D+03  9.7915714D-07   66 0.90 1.00
  35   5000  0    130   3218  3  1.9482559D+03  7.7577661D-07   40 0.10 1.00
  35   5000  0     70   1277  3  1.9482559D+03  9.5629228D-07   19 0.30 1.00
  35   5000  0     70   1298  3  1.9482559D+03  7.5021232D-07   16 0.50 1.00
  35   5000  0     85   1902  3  1.9482559D+03  9.6948670D-07   23 0.70 1.00
  35   5000  0    118   2922  3  1.9482559D+03  8.7647840D-07   36 0.90 1.00
  37   5000  0   3937   5038  1  5.0808983D-13  9.9971630D-07  124 0.10 1.00
  37   5000  0   5163   6612  1  5.0836214D-13  9.9972868D-07  166 0.30 1.00
  37   5000  0   3853   4960  1  3.8341357D-13  8.4676608D-07  122 0.50 1.00
  37   5000  0   4673   6034  1  5.0873067D-13  9.9987260D-07  153 0.70 1.00
  37   5000  0   5305   6862  1  4.9823628D-13  9.8761470D-07  167 0.90 1.00
  37   5000  0   4771   6124  2  4.6062573D-13  9.4742726D-07  153 0.10 1.00
  37   5000  0   5357   6918  2  5.0778587D-13  9.9971417D-07  175 0.30 1.00
  37   5000  0   5102   6607  2  1.4073654D-13  7.8448794D-07  171 0.50 1.00
  37   5000  0   4039   5180  2  3.6854194D-13  8.3085189D-07  145 0.70 1.00
  37   5000  0   4953   6378  2  5.0600186D-13  9.9679992D-07  166 0.90 1.00
  37   5000  0   3937   5038  3  5.0808983D-13  9.9971630D-07  128 0.10 1.00
  37   5000  0   5163   6612  3  5.0836214D-13  9.9972868D-07  168 0.30 1.00
  37   5000  0   3853   4960  3  3.8341357D-13  8.4676608D-07  122 0.50 1.00
  37   5000  0   4673   6034  3  5.0873067D-13  9.9987260D-07  149 0.70 1.00
  37   5000  0   5305   6862  3  4.9823628D-13  9.8761470D-07  175 0.90 1.00
  38   5000  0     12    120  1  0.0000000D+00  5.3831209D-08    1 0.10 1.00
  38   5000  0      9     58  1  0.0000000D+00  4.2321752D-08    2 0.30 1.00
  38   5000  0      9     77  1  0.0000000D+00  4.3919342D-09    0 0.50 1.00
  38   5000  0      9     40  1  9.9900088D-11  6.9384344D-07    1 0.70 1.00
  38   5000  0     13    106  1  0.0000000D+00  2.1050498D-08    2 0.90 1.00
  38   5000  0      8     55  2  0.0000000D+00  5.9757074D-09    0 0.10 1.00
  38   5000  0      8     55  2  0.0000000D+00  4.3058890D-11    2 0.30 1.00
  38   5000  0     20    194  2  0.0000000D+00  1.0947888D-07    3 0.50 1.00
  38   5000  0      9     77  2  0.0000000D+00  4.1411220D-09    1 0.70 1.00
  38   5000  0     13    175  2  0.0000000D+00  2.2328178D-07    2 0.90 1.00
  38   5000  0      9     38  3  0.0000000D+00  5.8454575D-09    1 0.10 1.00
  38   5000  0      9     58  3  0.0000000D+00  2.5807320D-07    0 0.30 1.00
  38   5000  0     10     55  3  6.6600059D-12  4.0779975D-07    2 0.50 1.00
  38   5000  0     10     43  3  0.0000000D+00  1.4824241D-09    1 0.70 1.00
  38   5000  0      8     37  3  1.1211010D-10  7.3392483D-07    0 0.90 1.00
  39   5000  0     28     93  1  7.7022294D-17  3.3859366D-08    2 0.10 1.00
  39   5000  0     31     91  1  2.4053148D-13  1.9460275D-08    1 0.30 1.00
  39   5000  0     28     85  1  3.4498730D-12  6.2914376D-08    2 0.50 1.00
  39   5000  0     31     92  1  3.5553109D-09  7.1448602D-07    2 0.70 1.00
  39   5000  0     32     95  1  1.0685214D-11  2.6279596D-08    0 0.90 1.00
  39   5000  0     28     85  2  5.9244150D-14  7.7085094D-08    1 0.10 1.00
  39   5000  0     29     96  2  3.8581362D-12  1.8579282D-07    2 0.30 1.00
  39   5000  0     27     92  2  2.0672618D-19  9.2403107D-10    1 0.50 1.00
  39   5000  0     30     95  2  4.2178820D-12  5.9354387D-08    2 0.70 1.00
  39   5000  0     22     84  2  5.4066938D-21  1.8725177D-10    1 0.90 1.00
  39   5000  0     25     86  3  4.8724587D-12  6.5778585D-08    2 0.10 1.00
  39   5000  0     26     82  3  1.1159330D-09  6.3036282D-07    0 0.30 1.00
  39   5000  0     31     90  3  7.8391497D-13  3.0757447D-08    2 0.50 1.00
  39   5000  0     23     77  3  4.6595116D-11  6.8357085D-08    1 0.70 1.00
  39   5000  0     17     83  3  1.5799681D-13  4.8127095D-09    2 0.90 1.00
  40   5000  0   1554   2891  1  6.4781364D-06  8.0296735D-07  115 0.10 1.00
  40   5000  0   1486   2733  1  5.8975670D-06  8.2250629D-07  116 0.30 1.00
  40   5000  0   1656   3051  1  4.4231154D-06  8.8663274D-07  131 0.50 1.00
  40   5000  0   2125   3904  1  3.5120394D-06  7.7486718D-07  155 0.70 1.00
  40   5000  0   2683   4998  1  1.3833138D-06  6.4079389D-07  201 0.90 1.00
  40   5000  0   1675   3081  2  4.9112607D-06  9.7214629D-07  126 0.10 1.00
  40   5000  0   2328   4323  2  3.3026115D-06  7.0446350D-07  171 0.30 1.00
  40   5000  0   1694   3161  2  4.9150499D-06  7.1362439D-07  127 0.50 1.00
  40   5000  0   3108   5805  2  1.8752968D-06  5.4141618D-07  236 0.70 1.00
  40   5000  0   2727   5018  2  2.1083805D-06  9.8676073D-07  203 0.90 1.00
  40   5000  0   1652   3060  3  4.5882654D-06  6.8576964D-07  126 0.10 1.00
  40   5000  0   2368   4423  3  2.2839072D-06  8.6017172D-07  180 0.30 1.00
  40   5000  0   1892   3482  3  3.1786910D-06  9.4508378D-07  142 0.50 1.00
  40   5000  0   2589   4809  3  1.8864744D-06  5.4459652D-07  199 0.70 1.00
  40   5000  0   1963   3624  3  3.5613836D-06  8.1378755D-07  152 0.90 1.00
  41   5000  0     12     25  1  7.8219915D-14  8.9869755D-07    0 0.10 1.00
  41   5000  0     12     25  1  7.3875897D-14  8.6930113D-07    2 0.30 1.00
  41   5000  0     13     27  1  8.7411916D-14  5.9076556D-07    0 0.50 1.00
  41   5000  0     12     25  1  7.7769016D-14  8.9833037D-07    0 0.70 1.00
  41   5000  0     12     25  1  8.4965204D-14  9.4771317D-07    0 0.90 1.00
  41   5000  0     12     25  2  7.8219915D-14  8.9869755D-07    1 0.10 1.00
  41   5000  0     12     25  2  7.3875897D-14  8.6930113D-07    0 0.30 1.00
  41   5000  0     13     27  2  8.7411916D-14  5.9076556D-07    2 0.50 1.00
  41   5000  0     12     25  2  7.7769016D-14  8.9833037D-07    0 0.70 1.00
  41   5000  0     12     25  2  8.4965204D-14  9.4771317D-07    0 0.90 1.00
  41   5000  0     12     25  3  7.8219915D-14  8.9869755D-07    0 0.10 1.00
  41   5000  0     12     25  3  7.3875897D-14  8.6930113D-07    2 0.30 1.00
  41   5000  0     13     27  3  8.7411916D-14  5.9076556D-07    0 0.50 1.00
  41   5000  0     12     25  3  7.7769016D-14  8.9833037D-07    0 0.70 1.00
  41   5000  0     12     25  3  8.4965204D-14  9.4771317D-07    0 0.90 1.00
  42   5000  0    178    937  1 -4.9989473D+03  9.9487383D-07   32 0.10 1.00
  42   5000  0    133    834  1 -4.9989474D+03  8.5846154D-07   28 0.30 1.00
  42   5000  0   1245  37452  1 -4.9989473D+03  9.2835713D-07 1182 0.50 1.00
  42   5000  0   1570  45527  1 -4.9989474D+03  3.1584903D-07 1473 0.70 1.00
  42   5000  0   3485 111106  1 -4.9989474D+03  9.3494543D-07 3562 0.90 1.00
  42   5000  0    711  17203  2 -4.9989474D+03  4.8533624D-07  554 0.10 1.00
  42   5000  1  10000 323206  2 -4.9989473D+03  3.3884695D-04 **** 0.30 1.00
  42   5000  0    159    360  2 -4.9989474D+03  3.7937020D-08   14 0.50 1.00
  42   5000  0   5038 161790  2 -4.9989474D+03  8.9229230D-07 5198 0.70 1.00
  42   5000  1  10000 324675  2 -4.9989474D+03  7.6696091D-05 **** 0.90 1.00
  42   5000  0    114    257  3 -4.9989474D+03  9.2051122D-07    9 0.10 1.00
  42   5000  0   1758  50305  3 -4.9989474D+03  9.1464847D-07 1622 0.30 1.00
  42   5000  0    157    381  3 -4.9989474D+03  8.4915875D-07   16 0.50 1.00
  42   5000  0    220    570  3 -4.9989473D+03  9.8831084D-07   22 0.70 1.00
  42   5000  0   5134 164384  3 -4.9989474D+03  6.1071763D-07 5313 0.90 1.00
  43   5000  0      8     33  1  1.0000000D+00  4.3775115D-07    1 0.10 1.00
  43   5000  0      9     33  1  1.0000000D+00  7.2792295D-07    2 0.30 1.00
  43   5000  0      8     30  1  1.0000000D+00  4.0042106D-07    1 0.50 1.00
  43   5000  0     10     31  1  1.0000000D+00  3.0782742D-09    2 0.70 1.00
  43   5000  0     10     32  1  1.0000000D+00  4.8727657D-08    1 0.90 1.00
  43   5000  0      9     36  2  1.0000000D+00  9.1960739D-08    2 0.10 1.00
  43   5000  0      9     27  2  1.0000000D+00  5.0765434D-07    2 0.30 1.00
  43   5000  0      9     24  2  1.0000000D+00  1.5254027D-07    1 0.50 1.00
  43   5000  0     10     30  2  1.0000000D+00  1.4857615D-07    2 0.70 1.00
  43   5000  0      9     23  2  1.0000000D+00  1.9554718D-09    1 0.90 1.00
  43   5000  0      8     24  3  1.0000000D+00  5.7400068D-07    0 0.10 1.00
  43   5000  0      8     29  3  1.0000000D+00  6.2124078D-08    2 0.30 1.00
  43   5000  0     10     32  3  1.0000000D+00  3.4624105D-08    1 0.50 1.00
  43   5000  0      8     22  3  1.0000000D+00  7.9462028D-07    2 0.70 1.00
  43   5000  0     10     43  3  1.0000000D+00  5.6205400D-08    2 0.90 1.00
  44   5000  0      9     39  1  1.0000000D+00  4.1320288D-08    2 0.10 1.00
  44   5000  0      8     28  1  1.0000000D+00  8.9140527D-07    1 0.30 1.00
  44   5000  0      8     27  1  1.0000000D+00  1.5420116D-07    2 0.50 1.00
  44   5000  0      7     25  1  1.0000000D+00  8.9740188D-07    1 0.70 1.00
  44   5000  0      8     28  1  1.0000000D+00  5.3802819D-08    2 0.90 1.00
  44   5000  0     10     31  2  1.0000000D+00  3.6461289D-08    2 0.10 1.00
  44   5000  0     10     46  2  1.0000000D+00  3.2848344D-08    1 0.30 1.00
  44   5000  0      8     29  2  1.0000000D+00  3.5642131D-09    3 0.50 1.00
  44   5000  0      8     45  2  1.0000000D+00  1.3416982D-08    2 0.70 1.00
  44   5000  0      8     40  2  1.0000000D+00  1.4999204D-07    1 0.90 1.00
  44   5000  0      8     38  3  1.0000000D+00  3.0472933D-07    3 0.10 1.00
  44   5000  0      9     36  3  1.0000000D+00  1.5671130D-08    2 0.30 1.00
  44   5000  0      8     39  3  1.0000000D+00  4.8334927D-07    2 0.50 1.00
  44   5000  0      8     40  3  1.0000000D+00  3.0233195D-07    2 0.70 1.00
  44   5000  0      9     29  3  1.0000000D+00  2.9668800D-07    2 0.90 1.00
  45   5000  0      8     38  1  1.0000000D+00  8.3723231D-08    2 0.10 1.00
  45   5000  0      9     38  1  1.0000000D+00  1.9598877D-07    2 0.30 1.00
  45   5000  0      8     28  1  1.0000000D+00  8.5900485D-07    1 0.50 1.00
  45   5000  0     10     32  1  1.0000000D+00  1.1203455D-09    2 0.70 1.00
  45   5000  0      9     38  1  1.0000000D+00  9.4893800D-07    2 0.90 1.00
  45   5000  0      9     45  2  1.0000000D+00  6.0998492D-07    1 0.10 1.00
  45   5000  0     10     49  2  1.0000000D+00  2.8279226D-07    4 0.30 1.00
  45   5000  0      7     28  2  1.0000000D+00  2.4590338D-07    1 0.50 1.00
  45   5000  0      7     27  2  1.0000000D+00  9.4365411D-08    1 0.70 1.00
  45   5000  0      7     28  2  1.0000000D+00  5.8565948D-08    2 0.90 1.00
  45   5000  0      9     44  3  1.0000000D+00  6.2528835D-07    1 0.10 1.00
  45   5000  0      8     28  3  1.0000000D+00  4.4915370D-07    2 0.30 1.00
  45   5000  0      9     37  3  1.0000000D+00  2.0417352D-07    2 0.50 1.00
  45   5000  0      9     33  3  1.0000000D+00  3.7441874D-08    3 0.70 1.00
  45   5000  0      8     36  3  1.0000000D+00  3.2664316D-07    2 0.90 1.00
  46   5000  0    492    628  1  1.0000000D+00  9.9649164D-07   41 0.10 1.00
  46   5000  0    443    516  1  1.0000000D+00  8.8096631D-07   35 0.30 1.00
  46   5000  0    365    428  1  1.0000000D+00  9.9221777D-07   30 0.50 1.00
  46   5000  0    376    435  1  1.0000000D+00  9.8620231D-07   30 0.70 1.00
  46   5000  0    419    482  1  1.0000000D+00  9.9688662D-07   31 0.90 1.00
  46   5000  0    487    606  2  1.0000000D+00  9.7766579D-07   39 0.10 1.00
  46   5000  0    406    470  2  1.0000000D+00  9.1472787D-07   36 0.30 1.00
  46   5000  0    344    403  2  1.0000000D+00  9.6512669D-07   29 0.50 1.00
  46   5000  0    367    428  2  1.0000000D+00  9.8386748D-07   29 0.70 1.00
  46   5000  0    415    472  2  1.0000000D+00  9.8849416D-07   35 0.90 1.00
  46   5000  0    450    566  3  1.0000000D+00  9.8659179D-07   37 0.10 1.00
  46   5000  0    384    448  3  1.0000000D+00  9.7275927D-07   29 0.30 1.00
  46   5000  0    383    451  3  1.0000000D+00  9.8526798D-07   31 0.50 1.00
  46   5000  0    399    464  3  1.0000000D+00  9.7141605D-07   33 0.70 1.00
  46   5000  0    407    473  3  1.0000000D+00  9.9582766D-07   33 0.90 1.00
  47   5000  0     92    169  1  3.8822780D-13  8.7725338D-07  798 0.10 1.00
  47   5000  0    108    191  1  3.7784244D-13  9.3428650D-07  933 0.30 1.00
  47   5000  0     94    172  1  3.4741687D-13  9.6273787D-07  811 0.50 1.00
  47   5000  0     92    169  1  5.0805605D-13  9.6255534D-07  803 0.70 1.00
  47   5000  0    108    195  1  3.3281543D-13  9.7323952D-07  925 0.90 1.00
  47   5000  0     92    169  2  3.8822780D-13  8.7725339D-07  811 0.10 1.00
  47   5000  0    108    191  2  3.7952437D-13  9.4606326D-07  905 0.30 1.00
  47   5000  0     98    178  2  3.3039337D-13  9.5632169D-07  822 0.50 1.00
  47   5000  0     92    169  2  5.0805882D-13  9.6255512D-07  802 0.70 1.00
  47   5000  0    102    184  2  5.0490894D-13  9.9660025D-07  860 0.90 1.00
  47   5000  0     92    169  3  3.8822780D-13  8.7725338D-07  786 0.10 1.00
  47   5000  0    108    191  3  3.7784244D-13  9.3428650D-07  911 0.30 1.00
  47   5000  0     94    172  3  3.4741687D-13  9.6273787D-07  814 0.50 1.00
  47   5000  0     92    169  3  5.0805605D-13  9.6255534D-07  805 0.70 1.00
  47   5000  0    108    195  3  3.3281543D-13  9.7323952D-07  915 0.90 1.00
  48   5000  0     70    122  1  3.9706710D-01  8.2433111D-07    3 0.10 1.00
  48   5000  0     73    131  1  3.9706710D-01  9.0646235D-07    3 0.30 1.00
  48   5000  0     71    130  1  6.6148653D-01  6.6760446D-07    3 0.50 1.00
  48   5000  0     65    121  1  6.6148653D-01  6.2758060D-07    2 0.70 1.00
  48   5000  0     70    120  1  6.6148653D-01  9.0167306D-07    3 0.90 1.00
  48   5000  0     81    135  2  3.9706710D-01  7.6732008D-07    3 0.10 1.00
  48   5000  0     67    121  2  6.6148653D-01  7.6883735D-07    3 0.30 1.00
  48   5000  0     80    135  2  6.6148653D-01  7.2953299D-07    2 0.50 1.00
  48   5000  0     63    117  2  3.9706710D-01  6.8526050D-07    3 0.70 1.00
  48   5000  0     61    112  2  3.9706710D-01  7.1902822D-07    3 0.90 1.00
  48   5000  0     67    117  3  3.9706710D-01  6.7920583D-07    3 0.10 1.00
  48   5000  0     75    132  3  3.9706710D-01  8.8046680D-07    3 0.30 1.00
  48   5000  0     73    123  3  6.6148653D-01  6.0384631D-07    2 0.50 1.00
  48   5000  0     66    119  3  6.6148653D-01  6.5609708D-07    3 0.70 1.00
  48   5000  0     82    135  3  3.9706710D-01  8.6479196D-07    3 0.90 1.00
  49   5000  0    860   1083  1  4.9794007D-14  4.1561282D-07   29 0.10 1.00
  49   5000  0    903   1174  1  7.2618116D-14  8.9267739D-07   23 0.30 1.00
  49   5000  0    894   1148  1  2.0402111D-13  8.7192257D-07   24 0.50 1.00
  49   5000  0    844   1083  1  2.2748038D-13  9.2427098D-07   23 0.70 1.00
  49   5000  0   1010   1292  1  1.6735393D-13  7.8262118D-07   28 0.90 1.00
  49   5000  0    910   1154  2  2.4875129D-13  9.9838398D-07   27 0.10 1.00
  49   5000  0    826   1067  2  1.9288305D-13  9.3866748D-07   23 0.30 1.00
  49   5000  0    804   1030  2  1.9300093D-13  8.6808289D-07   21 0.50 1.00
  49   5000  0    901   1169  2  5.7574529D-14  8.5233684D-07   27 0.70 1.00
  49   5000  0   1004   1290  2  2.2450090D-13  9.3772406D-07   29 0.90 1.00
  49   5000  0    860   1083  3  4.9794007D-14  4.1561282D-07   25 0.10 1.00
  49   5000  0    903   1174  3  7.2618116D-14  8.9267739D-07   24 0.30 1.00
  49   5000  0    894   1148  3  2.0402111D-13  8.7192257D-07   28 0.50 1.00
  49   5000  0    844   1083  3  2.2748038D-13  9.2427098D-07   22 0.70 1.00
  49   5000  0   1010   1292  3  1.6735393D-13  7.8262118D-07   31 0.90 1.00
  50   5000  0    814   1049  1  5.4804471D-14  8.9495980D-07   27 0.10 1.00
  50   5000  0    833   1068  1  4.5982838D-14  7.8254781D-07   28 0.30 1.00
  50   5000  0    954   1237  1  2.5454056D-13  9.9824785D-07   33 0.50 1.00
  50   5000  0    968   1264  1  2.5083360D-13  9.9018928D-07   31 0.70 1.00
  50   5000  0    773    998  1  1.1900557D-13  9.0280873D-07   25 0.90 1.00
  50   5000  0    804   1055  2  2.5366857D-13  9.9693896D-07   28 0.10 1.00
  50   5000  0    953   1240  2  8.6149902D-14  9.7047164D-07   34 0.30 1.00
  50   5000  0    966   1247  2  2.2191626D-13  9.1194682D-07   36 0.50 1.00
  50   5000  0    973   1255  2  1.7808357D-13  9.8134159D-07   32 0.70 1.00
  50   5000  0    972   1251  2  8.6157503D-15  7.3026767D-07   32 0.90 1.00
  50   5000  0    814   1049  3  5.4804471D-14  8.9495980D-07   26 0.10 1.00
  50   5000  0    833   1068  3  4.5982838D-14  7.8254781D-07   27 0.30 1.00
  50   5000  0    954   1237  3  2.5454056D-13  9.9824785D-07   31 0.50 1.00
  50   5000  0    968   1264  3  2.5083360D-13  9.9018928D-07   31 0.70 1.00
  50   5000  0    773    998  3  1.1900557D-13  9.0280873D-07   25 0.90 1.00
  51   5000  0     49    941  1  3.0003285D+04  5.9627866D-07   22 0.10 1.00
  51   5000  0     30    214  1  3.0003285D+04  7.4611086D-07    7 0.30 1.00
  51   5000  0     47    831  1  3.0003285D+04  9.3439343D-07   18 0.50 1.00
  51   5000  0     65   1398  1  3.0003285D+04  5.5835974D-07   32 0.70 1.00
  51   5000  0     48    704  1  3.0003285D+04  8.8151626D-07   14 0.90 1.00
  51   5000  0     32    401  2  3.0003285D+04  9.5863163D-07   10 0.10 1.00
  51   5000  0     35    297  2  3.0003285D+04  9.9117687D-07    7 0.30 1.00
  51   5000  0     33    214  2  3.0003285D+04  8.9319757D-07    5 0.50 1.00
  51   5000  0     44    645  2  3.0003285D+04  7.9091507D-07   15 0.70 1.00
  51   5000  0     78   1777  2  3.0003285D+04  7.8567907D-07   38 0.90 1.00
  51   5000  0     38    365  3  3.0003285D+04  1.3273012D-07    8 0.10 1.00
  51   5000  0     42    701  3  3.0003285D+04  8.1999662D-07   18 0.30 1.00
  51   5000  0     45    665  3  3.0003285D+04  6.5823648D-07   15 0.50 1.00
  51   5000  0     79   1859  3  3.0003285D+04  9.2694344D-07   41 0.70 1.00
  51   5000  0     21     63  3  3.0003285D+04  8.2167293D-07    1 0.90 1.00
  54   5000  0     10     32  1  1.8573460D-13  1.6241722D-07    0 0.10 1.00
  54   5000  0     10     32  1  9.3805222D-14  1.2399129D-07    2 0.30 1.00
  54   5000  0     10     32  1  1.2107095D-14  2.0803890D-08    0 0.50 1.00
  54   5000  0     10     32  1  5.4516373D-14  1.1355042D-07    0 0.70 1.00
  54   5000  0     10     32  1  2.8969816D-14  8.6199215D-08    1 0.90 1.00
  54   5000  0     10     32  2  2.5151217D-13  1.6709384D-07    0 0.10 1.00
  54   5000  0     10     32  2  9.8312352D-14  9.7816427D-08    0 0.30 1.00
  54   5000  0     10     32  2  1.0756598D-13  9.9823454D-08    2 0.50 1.00
  54   5000  0     10     32  2  1.3885824D-14  7.2250547D-08    0 0.70 1.00
  54   5000  0     10     32  2  6.3788271D-16  2.7635054D-08    0 0.90 1.00
  54   5000  0     11     44  3  2.6607061D-15  9.1127179D-09    2 0.10 1.00
  54   5000  0     10     46  3  6.8654987D-14  4.0213427D-08    0 0.30 1.00
  54   5000  0     13     43  3  5.2675400D-22  2.0381474D-12    1 0.50 1.00
  54   5000  0     12     33  3  3.4693147D-16  4.2682263D-07    0 0.70 1.00
  54   5000  0     12     33  3  4.7844550D-14  2.0860784D-08    2 0.90 1.00
  55   5000  0      4     23  1  0.0000000D+00  9.1447409D-09    0 0.10 1.00
  55   5000  0      4     23  1  5.5511151D-13  9.1447413D-09    0 0.30 1.00
  55   5000  0      4     23  1  5.5511151D-13  9.1447392D-09    0 0.50 1.00
  55   5000  0      4     23  1  5.5511151D-13  9.1447397D-09    1 0.70 1.00
  55   5000  0      4     23  1  5.5511151D-13  9.1447399D-09    0 0.90 1.00
  55   5000  0      4     23  2  5.5511151D-13  9.1447365D-09    0 0.10 1.00
  55   5000  0      4     23  2  0.0000000D+00  9.1447372D-09    0 0.30 1.00
  55   5000  0      4     23  2  5.5511151D-13  9.1447386D-09    2 0.50 1.00
  55   5000  0      4     23  2  0.0000000D+00  9.1447395D-09    0 0.70 1.00
  55   5000  0      4     23  2  5.5511151D-13  9.1447354D-09    0 0.90 1.00
  55   5000  0      4     23  3  0.0000000D+00  9.1447379D-09    0 0.10 1.00
  55   5000  0      4     23  3  0.0000000D+00  9.1447404D-09    1 0.30 1.00
  55   5000  0      4     23  3  5.5511151D-13  9.1447355D-09    0 0.50 1.00
  55   5000  0      4     23  3  5.5511151D-13  9.1447376D-09    0 0.70 1.00
  55   5000  0      4     23  3  0.0000000D+00  9.1447397D-09    2 0.90 1.00
  57   5000  0    117   3068  1  5.5486684D+03  6.0008366D-07   34 0.10 1.00
  57   5000  0     33    364  1  5.5486684D+03  4.2849787D-07    5 0.30 1.00
  57   5000  0     24     72  1  5.5486684D+03  4.8342435D-07    2 0.50 1.00
  57   5000  0    105   2642  1  5.5486684D+03  7.8254125D-07   30 0.70 1.00
  57   5000  0    161   4520  1  5.5486684D+03  5.2269373D-07   53 0.90 1.00
  57   5000  0    120   3187  2  5.5486684D+03  9.3705490D-07   42 0.10 1.00
  57   5000  0    159   4454  2  5.5486684D+03  8.9267403D-07   54 0.30 1.00
  57   5000  0    109   2979  2  5.5486684D+03  8.1597913D-07   40 0.50 1.00
  57   5000  0    282   8316  2  5.5486684D+03  8.8286520D-07  104 0.70 1.00
  57   5000  0    145   4029  2  5.5486684D+03  9.5576707D-07   52 0.90 1.00
  57   5000  0     94   2333  3  5.5486684D+03  8.8729867D-07   30 0.10 1.00
  57   5000  0     62   1125  3  5.5486684D+03  8.3203032D-07   13 0.30 1.00
  57   5000  0    120   3091  3  5.5486684D+03  6.9318920D-07   38 0.50 1.00
  57   5000  0    102   2489  3  5.5486684D+03  9.2846772D-07   29 0.70 1.00
  57   5000  0    119   3154  3  5.5486684D+03  9.4614345D-07   39 0.90 1.00
  58   5000  0     15     40  1  4.2908415D-16  1.1535601D-09    1 0.10 1.00
  58   5000  0     15     41  1  7.4271149D-12  6.9621687D-08    1 0.30 1.00
  58   5000  0     11     42  1  2.3937564D-15  1.8922456D-09    1 0.50 1.00
  58   5000  0     12     32  1  6.0216838D-21  4.1894076D-12    2 0.70 1.00
  58   5000  0      9     34  1  1.9748723D-10  6.7696635D-07    0 0.90 1.00
  58   5000  0     11     41  2  2.3509831D-20  5.7418707D-12    1 0.10 1.00
  58   5000  0     13     31  2  1.5383776D-10  6.9030774D-07    1 0.30 1.00
  58   5000  0      9     25  2  1.0216122D-12  2.1002688D-08    1 0.50 1.00
  58   5000  0      9     26  2  3.5232560D-10  4.4396988D-07    0 0.70 1.00
  58   5000  0     11     33  2  1.6807627D-13  2.1887689D-08    1 0.90 1.00
  58   5000  0     18     40  3  2.3797312D-13  1.8210665D-08    1 0.10 1.00
  58   5000  0     14     35  3  3.2541209D-16  1.0028651D-09    1 0.30 1.00
  58   5000  0     11     39  3  9.0318678D-10  5.4741932D-07    1 0.50 1.00
  58   5000  0     15     40  3  9.6631264D-10  7.7249084D-07    1 0.70 1.00
  58   5000  0     17     41  3  3.3095396D-10  6.5940635D-07    1 0.90 1.00
  59   5000  0     12     35  1  5.1476961D-12  1.8443613D-07    1 0.10 1.00
  59   5000  0     17     63  1  1.4165888D-17  5.3630478D-10    2 0.30 1.00
  59   5000  0     19     57  1  2.7916631D-16  2.3248061D-09    1 0.50 1.00
  59   5000  0     13     35  1  4.5840414D+02  1.8769002D-08    1 0.70 1.00
  59   5000  0     11     32  1  4.5840414D+02  4.7093182D-08    2 0.90 1.00
  59   5000  0     12     35  2  2.7611123D-15  7.5285636D-09    1 0.10 1.00
  59   5000  0     13     36  2  4.5840414D+02  9.2935253D-08    1 0.30 1.00
  59   5000  0     20     58  2  9.0169867D-17  1.3598096D-09    3 0.50 1.00
  59   5000  0     20     66  2  1.4173255D-15  5.3394515D-09    2 0.70 1.00
  59   5000  0     19     56  2  8.4000450D-14  1.1216304D-08    1 0.90 1.00
  59   5000  0     12     40  3  4.5840414D+02  1.2223941D-08    1 0.10 1.00
  59   5000  0     15     44  3  3.3543469D-17  8.3429619D-10    1 0.30 1.00
  59   5000  0     19     47  3  6.7434532D-11  5.9966169D-07    2 0.50 1.00
  59   5000  0     13     52  3  1.6878021D-19  5.9055649D-11    1 0.70 1.00
  59   5000  0     15     43  3  1.2950822D-11  1.2539422D-07    2 0.90 1.00
  60   5000  0      8     21  1  5.5595996D-15  2.5807991D-09    0 0.10 1.00
  60   5000  0      6     17  1  6.3305721D-14  9.8354020D-09    0 0.30 1.00
  60   5000  0      6     16  1  2.1749677D-10  7.8690990D-07    1 0.50 1.00
  60   5000  0      7     17  1  3.3012638D-12  6.8861205D-08    0 0.70 1.00
  60   5000  0      7     17  1  2.1195561D-11  2.5712251D-07    0 0.90 1.00
  60   5000  0      7     19  2  4.9199186D-18  1.2547297D-10    0 0.10 1.00
  60   5000  0      6     15  2  4.5929625D-11  2.7056083D-07    1 0.30 1.00
  60   5000  0      6     18  2  1.3765081D-13  1.4776620D-08    0 0.50 1.00
  60   5000  0      5     17  2  1.2225402D-10  5.9301261D-07    0 0.70 1.00
  60   5000  0      7     19  2  3.4180803D-14  9.8295008D-09    0 0.90 1.00
  60   5000  0      6     15  3  4.8771694D-11  3.9353116D-07    1 0.10 1.00
  60   5000  0      6     15  3  2.0882733D-13  2.5835892D-08    0 0.30 1.00
  60   5000  0      6     15  3  9.4348358D-11  3.8310569D-07    0 0.50 1.00
  60   5000  0      6     17  3  2.5299028D-10  8.6823078D-07    1 0.70 1.00
  60   5000  0      7     20  3  2.0981549D-11  1.5668338D-07    0 0.90 1.00
  61   5000  0     10     46  1  7.4640179D-18  8.8972740D-10    1 0.10 1.00
  61   5000  0     10     46  1  1.9122782D-17  1.4274093D-09    1 0.30 1.00
  61   5000  0     10     30  1  1.3710834D-13  1.8330685D-07    1 0.50 1.00
  61   5000  0     10     30  1  1.3680388D-13  1.8308337D-07    0 0.70 1.00
  61   5000  0     10     27  1  6.3374008D-12  8.7889810D-07    1 0.90 1.00
  61   5000  0     12     50  2  7.2389967D-12  8.8382737D-07    1 0.10 1.00
  61   5000  0     11     47  2  1.8483512D-13  1.4173675D-07    1 0.30 1.00
  61   5000  0     11     47  2  4.1203810D-13  2.1199583D-07    1 0.50 1.00
  61   5000  0     13     51  2  5.0571147D-19  3.4852832D-10    1 0.70 1.00
  61   5000  0     10     46  2  9.0886156D-15  3.1628133D-08    1 0.90 1.00
  61   5000  0     12     30  3  2.3350283D-24  7.5317530D-13    1 0.10 1.00
  61   5000  0     11     29  3  3.5297963D-13  1.9330446D-07    0 0.30 1.00
  61   5000  0     11     29  3  2.0352719D-13  1.4673140D-07    0 0.50 1.00
  61   5000  0     10     31  3  1.4115353D-14  3.8728615D-08    2 0.70 1.00
  61   5000  0     11     48  3  6.6323276D-19  4.1130477D-10    0 0.90 1.00
  62   5000  0    481   1014  1  6.2754845D-05  7.9150863D-07   46 0.10 1.00
  62   5000  0    681   1424  1  6.4597018D-05  8.4553543D-07   65 0.30 1.00
  62   5000  0    728   1532  1  7.0338417D-05  4.5555334D-07   69 0.50 1.00
  62   5000  0    475   1018  1  5.0977231D-05  8.7408941D-07   49 0.70 1.00
  62   5000  0    588   1238  1  1.1318945D-05  3.5800621D-07   53 0.90 1.00
  62   5000  0    423    873  2  8.1269385D-07  1.8766081D-07   39 0.10 1.00
  62   5000  0    590   1272  2  1.7475121D-05  9.5896867D-07   55 0.30 1.00
  62   5000  0    538   1162  2  1.6097136D-05  1.4517763D-07   58 0.50 1.00
  62   5000  0    498   1048  2  5.0960456D-05  4.6547854D-07   51 0.70 1.00
  62   5000  0    483   1011  2  5.3977935D-05  6.3854208D-07   46 0.90 1.00
  62   5000  0    593   1275  3  5.6826636D-06  1.7080844D-07   58 0.10 1.00
  62   5000  0    526   1119  3  1.0466783D-05  4.6235990D-07   50 0.30 1.00
  62   5000  0    567   1182  3  4.0331318D-05  7.8481862D-07   55 0.50 1.00
  62   5000  0    569   1204  3  3.5000266D-06  7.2707383D-07   53 0.70 1.00
  62   5000  0    506   1064  3  4.1358427D-05  4.6827040D-07   47 0.90 1.00
  64   5000  0     12     37  1  2.6774592D-10  5.1221239D-07    2 0.10 1.00
  64   5000  0     16     56  1  2.8689621D-18  2.4274982D-10    1 0.30 1.00
  64   5000  0     14     37  1  8.1971800D-17  1.2965096D-09    2 0.50 1.00
  64   5000  0     24     49  1  3.5977814D-10  6.9377522D-07    1 0.70 1.00
  64   5000  0     10     33  1  1.0241846D-11  4.5902965D-07    0 0.90 1.00
  64   5000  0     10     30  2  4.8611645D-11  8.9038280D-07    2 0.10 1.00
  64   5000  0     12     32  2  2.2087360D-10  5.0208295D-07    0 0.30 1.00
  64   5000  0     10     30  2  5.6677760D-11  3.1757817D-07    2 0.50 1.00
  64   5000  0     13     35  2  4.2379848D-20  2.9457325D-11    1 0.70 1.00
  64   5000  0     12     34  2  1.1497334D-20  1.5015544D-11    0 0.90 1.00
  64   5000  0     12     31  3  1.2932599D-11  5.1531683D-07    2 0.10 1.00
  64   5000  0     12     39  3  1.8985235D-14  1.9410866D-08    0 0.30 1.00
  64   5000  0     10     29  3  4.8729962D-13  8.5300710D-08    1 0.50 1.00
  64   5000  0     14     35  3  7.3797493D-15  1.2208839D-08    0 0.70 1.00
  64   5000  0     11     37  3  1.7536670D-11  6.0279318D-07    2 0.90 1.00
  65   5000  0      8     36  1  9.8972499D-21  2.1081983D-10    1 0.10 1.00
  65   5000  0      9     38  1  1.4946527D-15  7.5498825D-08    0 0.30 1.00
  65   5000  0      7     34  1  2.9650906D-13  7.8138942D-07    0 0.50 1.00
  65   5000  0      9     38  1  4.5307113D-14  3.3772432D-07    2 0.70 1.00
  65   5000  0      8     36  1  2.0386079D-13  7.8453164D-07    0 0.90 1.00
  65   5000  0      9     39  2  5.7169691D-14  3.8512338D-07    1 0.10 1.00
  65   5000  0      9     34  2  1.6741976D-14  3.0235528D-07    0 0.30 1.00
  65   5000  0     10     37  2  1.0185796D-13  5.1788617D-07    1 0.50 1.00
  65   5000  0      9     35  2  1.0950590D-14  2.5842253D-07    0 0.70 1.00
  65   5000  0      9     35  2  4.8510956D-17  1.5533148D-08    1 0.90 1.00
  65   5000  0      9     40  3  9.9306374D-20  6.4738551D-10    0 0.10 1.00
  65   5000  0      8     37  3  6.2505907D-17  7.7823400D-09    0 0.30 1.00
  65   5000  0      8     38  3  1.4359471D-17  7.3380653D-09    0 0.50 1.00
  65   5000  0      8     38  3  1.2572453D-13  9.2466649D-07    2 0.70 1.00
  65   5000  0     10     41  3  5.2198214D-15  1.1730901D-07    0 0.90 1.00
  66   5000  0      4     17  1 -4.0842431D+03  1.0475354D-09    0 0.10 1.00
  66   5000  0      4     17  1 -4.0842431D+03  1.0475327D-09    1 0.30 1.00
  66   5000  0      4     17  1 -4.0842431D+03  1.0475314D-09    0 0.50 1.00
  66   5000  0      4     17  1 -4.0842431D+03  1.0475336D-09    0 0.70 1.00
  66   5000  0      4     17  1 -4.0842431D+03  1.0475292D-09    0 0.90 1.00
  66   5000  0      4     17  2 -4.0842431D+03  1.0475327D-09    2 0.10 1.00
  66   5000  0      4     17  2 -4.0842431D+03  1.0475314D-09    0 0.30 1.00
  66   5000  0      4     17  2 -4.0842431D+03  1.0475358D-09    0 0.50 1.00
  66   5000  0      4     17  2 -4.0842431D+03  1.0475314D-09    0 0.70 1.00
  66   5000  0      4     17  2 -4.0842431D+03  1.0475398D-09    2 0.90 1.00
  66   5000  0      4     17  3 -4.0842431D+03  1.0475305D-09    0 0.10 1.00
  66   5000  0      4     17  3 -4.0842431D+03  1.0475349D-09    0 0.30 1.00
  66   5000  0      4     17  3 -4.0842431D+03  1.0475394D-09    0 0.50 1.00
  66   5000  0      4     17  3 -4.0842431D+03  1.0475336D-09    0 0.70 1.00
  66   5000  0      4     17  3 -4.0842431D+03  1.0475358D-09    0 0.90 1.00
  67   5000  0      4     36  1 -2.4022651D+03  7.1292416D-10    0 0.10 1.00
  67   5000  0      4     36  1 -2.4022651D+03  1.3509958D-09    2 0.30 1.00
  67   5000  0      4     36  1 -2.4022651D+03  3.6709078D-09    0 0.50 1.00
  67   5000  0      4     36  1 -2.4022651D+03  5.5721723D-09    0 0.70 1.00
  67   5000  0      4     36  1 -2.4022651D+03  3.3386760D-09    2 0.90 1.00
  67   5000  0      4     36  2 -2.4022651D+03  7.1007065D-09    0 0.10 1.00
  67   5000  0      4     36  2 -2.4022651D+03  1.3392389D-09    1 0.30 1.00
  67   5000  0      4     36  2 -2.4022651D+03  3.9069725D-10    0 0.50 1.00
  67   5000  0      4     36  2 -2.4022651D+03  7.0910762D-09    2 0.70 1.00
  67   5000  0      4     36  2 -2.4022651D+03  6.1606067D-09    0 0.90 1.00
  67   5000  0      4     36  3 -2.4022651D+03  6.4580368D-09    1 0.10 1.00
  67   5000  0      4     36  3 -2.4022651D+03  5.2356275D-10    0 0.30 1.00
  67   5000  0      4     36  3 -2.4022651D+03  6.9566282D-09    2 0.50 1.00
  67   5000  0      4     36  3 -2.4022651D+03  2.7609697D-09    0 0.70 1.00
  67   5000  0      4     36  3 -2.4022651D+03  2.3334992D-09    2 0.90 1.00
  69   5000  0      9     33  1  1.9329976D+03  4.2727395D-07    0 0.10 1.00
  69   5000  0     10     36  1  1.9329976D+03  9.4055153D-10    2 0.30 1.00
  69   5000  0     12     47  1  1.9329976D+03  3.0828171D-07    2 0.50 1.00
  69   5000  0     11     33  1  1.9329976D+03  4.1390980D-09    0 0.70 1.00
  69   5000  0      9     35  1  1.9329976D+03  2.6705893D-10    1 0.90 1.00
  69   5000  0     10     34  2  1.9329976D+03  2.9535455D-07    2 0.10 1.00
  69   5000  0     11     32  2  1.9329976D+03  1.1375652D-08    2 0.30 1.00
  69   5000  0     13     47  2  1.9329976D+03  8.7639374D-08    1 0.50 1.00
  69   5000  0     12     32  2  1.9329976D+03  2.6670035D-07    0 0.70 1.00
  69   5000  0     10     37  2  1.9329976D+03  1.7204405D-10    3 0.90 1.00
  69   5000  0     10     29  3  1.9329976D+03  7.6817170D-08    0 0.10 1.00
  69   5000  0     10     29  3  1.9329976D+03  1.6202280D-07    2 0.30 1.00
  69   5000  0      8     23  3  1.9329976D+03  7.8941486D-07    0 0.50 1.00
  69   5000  0      8     25  3  1.9329976D+03  8.6532431D-07    1 0.70 1.00
  69   5000  0     11     36  3  1.9329976D+03  1.2012913D-08    2 0.90 1.00
  70   5000  0     34     69  1  1.2262022D-13  4.0196266D-07    2 0.10 1.00
  70   5000  0     30     60  1  1.6604175D-13  4.2183986D-07    0 0.30 1.00
  70   5000  0     32     66  1  2.4367338D-13  8.7041707D-07    1 0.50 1.00
  70   5000  0     31     65  1  2.0855211D-13  4.3950105D-07    2 0.70 1.00
  70   5000  0     30     68  1  1.7033115D-13  4.5665559D-07    1 0.90 1.00
  70   5000  0     33     66  2  1.3266248D-13  8.0960185D-07    2 0.10 1.00
  70   5000  0     30     64  2  3.9978916D-13  8.6357381D-07    0 0.30 1.00
  70   5000  0     31     65  2  6.3600400D-14  5.2812805D-07    3 0.50 1.00
  70   5000  0     32     66  2  2.0818217D-13  5.7616778D-07    0 0.70 1.00
  70   5000  0     31     64  2  1.3704164D-13  5.5268396D-07    1 0.90 1.00
  70   5000  0     31     64  3  9.2959226D-14  5.0086933D-07    2 0.10 1.00
  70   5000  0     32     64  3  6.9286189D-14  3.7116163D-07    2 0.30 1.00
  70   5000  0     30     66  3  8.6646981D-13  7.9279286D-07    0 0.50 1.00
  70   5000  0     32     70  3  1.3310714D-13  4.7254445D-07    1 0.70 1.00
  70   5000  0     30     65  3  6.5517863D-14  2.9952723D-07    2 0.90 1.00
  73   5000  0     21     59  1  1.3299530D-15  8.5469982D-07    2 0.10 1.00
  73   5000  0     21     59  1  1.3461773D-15  9.1101844D-07    0 0.30 1.00
  73   5000  0     21     59  1  1.3629042D-15  9.6473587D-07    1 0.50 1.00
  73   5000  0     22     61  1  1.5637925D-16  3.6102095D-07    2 0.70 1.00
  73   5000  0     22     61  1  1.5800694D-16  3.7461219D-07    0 0.90 1.00
  73   5000  0     21     59  2  1.3252590D-15  8.7134879D-07    1 0.10 1.00
  73   5000  0     21     59  2  1.3323822D-15  8.5948169D-07    2 0.30 1.00
  73   5000  0     21     59  2  1.3393930D-15  8.8584471D-07    0 0.50 1.00
  73   5000  0     21     59  2  1.3463890D-15  9.1082166D-07    2 0.70 1.00
  73   5000  0     21     59  2  1.3534718D-15  9.3453412D-07    1 0.90 1.00
  73   5000  0     21     59  3  1.3499116D-15  9.5226538D-07    0 0.10 1.00
  73   5000  0     21     59  3  1.3436313D-15  9.2782504D-07    2 0.30 1.00
  73   5000  0     21     59  3  1.3381437D-15  9.0165908D-07    1 0.50 1.00
  73   5000  0     21     59  3  1.3322684D-15  8.7152032D-07    0 0.70 1.00
  73   5000  0     21     59  3  1.3254774D-15  8.6622518D-07    2 0.90 1.00
  74   5000  0      2      5  1  8.2466092D-24  3.2081291D-27    0 0.10 1.00
  74   5000  0      2      5  1  1.2502030D-23  4.8672788D-27    0 0.30 1.00
  74   5000  0      2      5  1  1.4660293D-23  5.7166086D-27    0 0.50 1.00
  74   5000  0      2      5  1  1.5923093D-23  6.2142598D-27    0 0.70 1.00
  74   5000  0      2      5  1  1.6746941D-23  6.5391793D-27    0 0.90 1.00
  74   5000  0      3      7  2  8.5239379D-09  3.2356005D-12    1 0.10 1.00
  74   5000  0      3      7  2  1.0135691D-08  3.8454123D-12    0 0.30 1.00
  74   5000  0      3      7  2  1.1074234D-08  4.2004606D-12    0 0.50 1.00
  74   5000  0      3      7  2  1.1658126D-08  4.4213125D-12    0 0.70 1.00
  74   5000  0      3      7  2  1.2052775D-08  4.5705699D-12    0 0.90 1.00
  74   5000  0      2      5  3  1.8391671D-23  7.1851767D-27    0 0.10 1.00
  74   5000  0      2      5  3  1.7844412D-23  6.9684893D-27    0 0.30 1.00
  74   5000  0      2      5  3  1.6941410D-23  6.6112850D-27    0 0.50 1.00
  74   5000  0      2      5  3  1.5178353D-23  5.9151202D-27    0 0.70 1.00
  74   5000  0      2      5  3  1.0422458D-23  4.0508139D-27    0 0.90 1.00
  75   5000  0      4     11  1 -2.5000000D+03  1.5250947D-07    2 0.10 1.00
  75   5000  0      4     11  1 -2.5000000D+03  1.5250703D-07    0 0.30 1.00
  75   5000  0      4     11  1 -2.5000000D+03  1.5251521D-07    0 0.50 1.00
  75   5000  0      4     11  1 -2.5000000D+03  1.5252604D-07    0 0.70 1.00
  75   5000  0      4     11  1 -2.5000000D+03  1.5253692D-07    0 0.90 1.00
  75   5000  0      4     11  2 -2.5000000D+03  1.5250705D-07    0 0.10 1.00
  75   5000  0      4     11  2 -2.5000000D+03  1.5251123D-07    0 0.30 1.00
  75   5000  0      4     11  2 -2.5000000D+03  1.5251714D-07    0 0.50 1.00
  75   5000  0      4     11  2 -2.5000000D+03  1.5251233D-07    1 0.70 1.00
  75   5000  0      4     11  2 -2.5000000D+03  1.5251552D-07    0 0.90 1.00
  75   5000  0      4     11  3 -2.5000000D+03  1.5253777D-07    0 0.10 1.00
  75   5000  0      4     11  3 -2.5000000D+03  1.5253671D-07    0 0.30 1.00
  75   5000  0      4     11  3 -2.5000000D+03  1.5252370D-07    0 0.50 1.00
  75   5000  0      4     11  3 -2.5000000D+03  1.5251172D-07    0 0.70 1.00
  75   5000  0      4     11  3 -2.5000000D+03  1.5250906D-07    0 0.90 1.00
  76   5000  0      1      5  1  8.4372238D-15  4.5001798D-09    0 0.10 1.00
  76   5000  0      1      5  1  1.3714352D-14  5.7370926D-09    0 0.30 1.00
  76   5000  0      1      5  1  1.2038609D-14  5.3751137D-09    0 0.50 1.00
  76   5000  0      1      5  1  1.5130045D-14  6.0244929D-09    0 0.70 1.00
  76   5000  0      1      5  1  1.0409575D-14  4.9985829D-09    2 0.90 1.00
  76   5000  0      1      5  2  1.1743286D-14  5.3096301D-09    0 0.10 1.00
  76   5000  0      1      5  2  1.2338090D-14  5.4405973D-09    0 0.30 1.00
  76   5000  0      1      5  2  1.4896576D-14  5.9790182D-09    0 0.50 1.00
  76   5000  0      1      5  2  2.1824262D-14  7.2377588D-09    0 0.70 1.00
  76   5000  0      1      5  2  1.4734431D-14  5.9462764D-09    0 0.90 1.00
  76   5000  0      1      5  3  8.4372238D-15  4.5001798D-09    0 0.10 1.00
  76   5000  0      1      5  3  1.3714352D-14  5.7370926D-09    0 0.30 1.00
  76   5000  0      1      5  3  1.2038609D-14  5.3751137D-09    0 0.50 1.00
  76   5000  0      1      5  3  1.5130045D-14  6.0244929D-09    0 0.70 1.00
  76   5000  0      1      5  3  1.0409575D-14  4.9985829D-09    0 0.90 1.00
