method = 0 LS
	1 FR
	2 PRP+
	3 HS
	4 DY
	5 CG - Descent

 Pro  Dim flag  iter    nfg     evalf       ||evalg||_inf   method   cpu
  1   5000  0    206   5251  1.2246063D+05  7.1333076D-07      1     68  1
  1   5000  1  10000  10204  1.7156778+104  7.2233060D+84      2    257  1
  1   5000  1  10000  10029            NaN            NaN      3   1614  1
  1   5000  0     73    168  1.2246063D+05  6.1914059D-07      4      3  1
  1   5000  0     46    954  1.2246063D+05  6.4233612D-07      5     12  1
  2   5000  1  10000  50362  4.1023034D-07  1.5425062D-04      0   2440  1
  2   5000  0    167    292  4.5444617D-09  7.3763358D-07      1     15  1
  2   5000  0    133    340  6.3082546D-09  5.3253092D-07      2     18  1
  2   5000  0     39    109  2.1394271D-13  1.9865722D-07      3      5  1
  2   5000  0    213    291  1.2131696D-08  8.8471497D-07      4     16  1
  2   5000  0     96    195  5.7480278D-08  8.0513238D-07      5     10  1
  3   5000  1  10000  10087  1.0275314D+04  4.0893910D+00      0    200  1
  3   5000  0    112    209  1.1710524D-10  4.6696933D-07      1      3  1
  3   5000  0     26     61  5.9691065D-15  3.4129633D-08      2      1  1
  3   5000  0    145    383  6.8897950D-13  2.3047926D-07      3      6  1
  3   5000  0     54     91  1.0720099D-09  4.9580426D-07      4      1  1
  3   5000  0     27     81  4.6542820D-13  5.4460245D-07      5      0  1
  4   5000  1  10000  10048            NaN            NaN      0   2274  1
  4   5000  0     55    115  7.9027442D-12  2.0986500D-07      1      2  1
  4   5000  0     69    225  3.5872641D-10  2.5929694D-07      2      4  1
  4   5000  0     50    140  8.9597837D-12  6.6471742D-08      3      2  1
  4   5000  0     95    191  7.8547686D-10  7.5971917D-07      4      4  1
  4   5000  0     27     63  1.1996425D-18  1.4854784D-11      5      1  1
  5   5000  1  10000 144730  1.8282081D+04  5.4216385D-03      0   1870  1
  5   5000  0     25     54  1.5359666D-10  1.6745779D-07      1      2  1
  5   5000  0     14     50  1.4981978D-09  5.9948018D-07      2      0  1
  5   5000  0     14     34  2.3300398D-11  1.4930907D-07      3      0  1
  5   5000  0     18     42  1.1712785D-11  5.6129515D-08      4      2  1
  5   5000  0     15     30  1.1710720D-15  4.9889303D-09      5      0  1
  6   5000  1  10000  16886            NaN            NaN      0    264  1
  6   5000  0     57    170  4.6563339D+03  5.5734901D-07      1      1  1
  6   5000  1  10000  10118            NaN            NaN      2    211  1
  6   5000  0     75    344  4.6563339D+03  5.8216893D-07      3      4  1
  6   5000  0     36    138  4.6563339D+03  2.5088084D-07      4      1  1
  6   5000  0     33    127  4.6563339D+03  1.0851675D-07      5      2  1
  7   5000  1  10000  10004  3.4485424D+05  1.6711880D+03      0    213  1
  7   5000  0   2890   3719  6.9617372D-13  9.8087786D-07      1     69  1
  7   5000  0    898   1318  2.4924070D-13  9.9987922D-07      2     22  1
  7   5000  0    719    918  2.4424786D-13  9.6250589D-07      3     17  1
  7   5000  0    959   1057  2.8225168D-13  9.9988143D-07      4     21  1
  7   5000  0    912   1298  2.4525973D-13  9.6294285D-07      5     26  1
  8   5000  1  10000  10080            NaN            NaN      0    230  1
  8   5000  1  10000  15669            NaN            NaN      1    333  1
  8   5000  1  10000  10219            NaN            NaN      2    239  1
  8   5000  0    756   1019  1.2502500D+06  9.5331690D-07      3     26  1
  8   5000  0    739    819  1.2502500D+06  9.6064614D-07      4     21  1
  8   5000  0    856   1334  1.2502500D+06  8.3412264D-07      5     34  1
  9   5000  0      4     23  5.0000000D+03  9.1436181D-09      0      0  1
  9   5000  0      4     23  5.0000000D+03  9.1444315D-09      1      2  1
  9   5000  1  10000  10004            NaN            NaN      2    217  1
  9   5000  0      4     23  5.0000000D+03  9.1437641D-09      3      0  1
  9   5000  0      4     23  5.0000000D+03  9.1434970D-09      4      0  1
  9   5000  0      4     23  5.0000000D+03  9.1468273D-09      5      0  1
 10   5000  1  10000  10005            NaN            NaN      0    221  1
 10   5000  1  10000  10252            NaN            NaN      1    230  1
 10   5000  1  10000 304978 -8.7733709D+07  1.1716652D-04      2   4319  1
 10   5000  1  10000  27188            NaN            NaN      3    457  1
 10   5000  1  10000 315827 -8.7733709D+07  3.2313592D-03      4   4439  1
 10   5000  1  10000 301055 -8.7733709D+07  1.8113138D-05      5   4272  1
 11   5000  1  10000  10004            NaN            NaN      0    221  1
 11   5000  0   1081   7662  4.5293835D+01  6.9970779D-07      1    119  1
 11   5000  0    553    858  4.5293835D+01  9.3996130D-07      2     19  1
 11   5000  1  10000  10004            NaN            NaN      3    220  1
 11   5000  1  10000  10008            NaN            NaN      4    222  1
 11   5000  1  10000  10007            NaN            NaN      5    244  1
 12   5000  1  10000  10014            NaN            NaN      0   1463  1
 12   5000  1  10000 106863            NaN            NaN      1   3392  1
 12   5000  1  10000 290293 -1.2478529D+07  2.6560218D-05      2   7272  1
 12   5000  1  10000 211610            NaN            NaN      3   5479  1
 12   5000  1  10000 311933 -1.2478529D+07  3.8940538D-04      4   7791  1
 12   5000  0   6453 174538 -1.2478529D+07  8.9110088D-07      5   4391  1
 13   5000  1  10000  10058            NaN            NaN      0    248  1
 13   5000  1  10000  81169            NaN            NaN      1   1518  1
 13   5000  0   1871  59639 -6.8960676D+05  9.9497548D-07      2   1077  1
 13   5000  1  10000  43494            NaN            NaN      3    846  1
 13   5000  0   4698 151292 -6.8960676D+05  9.9892590D-07      4   2731  1
 13   5000  0   2678  86216 -6.8960676D+05  6.4192685D-07      5   1564  1
 14   5000  1  10000  11337            NaN            NaN      0   4310  1
 14   5000  0     68    880  4.9972103D+03  9.9647828D-07      1     19  1
 14   5000  0     23     60  4.9972103D+03  8.8008700D-07      2      1  1
 14   5000  0     66   1111  4.9972103D+03  9.5368452D-07      3     25  1
 14   5000  0     37    340  4.9972103D+03  9.6191445D-07      4      7  1
 14   5000  0     23     61  4.9972103D+03  9.9046515D-07      5      2  1
 15   5000  1  10000  10225            NaN            NaN      0   2272  1
 15   5000  0      9     25  1.8136535D-06  9.6025949D-07      1      0  1
 15   5000  0     48    134  1.3991709D-06  4.7761490D-07      2      3  1
 15   5000  0     13     36  3.1676669D-10  3.7061873D-07      3      0  1
 15   5000  0     25     58  5.3691529D-07  7.8620717D-07      4      0  1
 15   5000  0     15     34  5.2650907D-07  5.7347444D-07      5      2  1
 16   5000  1  10000  10009            NaN            NaN      0    247  1
 16   5000  0     12     29  6.3981667D+03  9.2099802D-07      1      1  1
 16   5000  0     16     59  6.3981667D+03  1.0322952D-07      2      2  1
 16   5000  1  10000  10004            NaN            NaN      3    245  1
 16   5000  0     41   1006  6.3981667D+03  2.8068811D-07      4     20  1
 16   5000  0      8     17  6.3981667D+03  8.1173703D-09      5      0  1
 17   5000  1  10000  10048            NaN            NaN      0   1634  1
 17   5000  0    601   1508  2.2218042D+00  9.9754822D-07      1     30  1
 17   5000  0     52    105  2.4784702D+00  7.8096936D-07      2      3  1
 17   5000  0    115    178  3.6476913D+00  9.9297332D-07      3      4  1
 17   5000  0    226    307  9.5841278D-01  9.4715501D-07      4      8  1
 17   5000  0     42     86  1.2633914D+00  6.3030836D-07      5      2  1
 18   5000  1  10000  10009  2.5977755D+02  4.0445652D+00      0    191  1
 18   5000  0      2      7  1.5970831D-13  1.1303386D-08      1      0  1
 18   5000  0      2      7  3.2783042D-17  1.1376464D-09      2      0  1
 18   5000  0      2      7  1.5833326D-17  1.1254623D-09      3      0  1
 18   5000  0      2      7  1.5973987D-13  1.1304506D-08      4      0  1
 18   5000  0      2      7  3.9488516D-20  5.6199105D-11      5      0  1
 19   5000  0      6     21  3.4657359D+03  5.0075444D-11      0      1  1
 19   5000  0      3     11  3.4657359D+03  4.2069255D-07      1      0  1
 19   5000  1  10000  10005            NaN            NaN      2    318  1
 19   5000  0      6     18  3.4657359D+03  1.9337404D-10      3      1  1
 19   5000  0      3     11  3.4657359D+03  4.2069253D-07      4      0  1
 19   5000  0      3     11  3.4657359D+03  4.2069255D-07      5      1  1
 20   5000  1  10000  10108            NaN            NaN      0    193  1
 20   5000  0     44     76  2.6415420D-11  8.6657557D-07      1      1  1
 20   5000  0     11     24  2.9450544D-22  3.1689842D-12      2      1  1
 20   5000  0     18     76  1.2716667D-12  2.5856913D-07      3      0  1
 20   5000  0      9     21  6.6440035D-11  9.2764599D-07      4      1  1
 20   5000  0      7     17  2.1316789D-11  5.6057803D-07      5      0  1
 21   5000  1  10000  10601            NaN            NaN      0   1507  1
 21   5000  1  10000  32203  4.9987412D+03  2.0551295D-01      1    926  1
 21   5000  0   1210   3759  4.9987220D+03  7.7198036D-07      2    109  1
 21   5000  0    604   1833  4.9987220D+03  7.2050617D-07      3     53  1
 21   5000  0   4291  66191  4.9987220D+03  9.4326474D-07      4   1681  1
 21   5000  0   1403  11258  4.9987220D+03  9.4617130D-07      5    299  1
 22   5000  1  10000  10053            NaN            NaN      0   2108  1
 22   5000  0     17     45  1.9329976D+03  3.4231241D-07      1      2  1
 22   5000  0     15     58  1.9329976D+03  2.8126548D-07      2      2  1
 22   5000  0     23     84  1.9329976D+03  8.4868309D-07      3      3  1
 22   5000  0     18     46  1.9329976D+03  8.6892923D-07      4      2  1
 22   5000  0      9     27  1.9329976D+03  1.3040473D-07      5      1  1
 23   5000  1  10000  10053            NaN            NaN      0   2253  1
 23   5000  0    240    431  2.5600615D-07  6.5235173D-07      1      6  1
 23   5000  0     73    135  9.0520432D-07  9.7329904D-07      2      4  1
 23   5000  0    117    224  2.1835830D-07  3.2312743D-07      3      3  1
 23   5000  0    281    530  2.8346188D-07  7.1242101D-07      4     10  1
 23   5000  0    100    176  6.2800989D-07  7.0215054D-07      5      3  1
 24   5000  1  10000  10047            NaN            NaN      0    209  1
 24   5000  0   1146   1640  2.7133367D-10  9.3842598D-07      1     34  1
 24   5000  0     33     96  9.5433225D-11  3.5787751D-07      2      2  1
 24   5000  1  10000  10030            NaN            NaN      3    210  1
 24   5000  0    147    207  5.7122659D-11  4.5182023D-07      4      5  1
 24   5000  0      9     34  3.0890110D-16  2.0259824D-09      5      0  1
 25   5000  1  10000  10447            NaN            NaN      0    194  1
 25   5000  0   7222   8979 -2.5015606D+03  5.8583959D-07      1    149  1
 25   5000  1  10000  10274            NaN            NaN      2    192  1
 25   5000  0     72    187 -2.5015606D+03  1.1900613D-07      3      2  1
 25   5000  0   6913   7177 -2.5015606D+03  9.3344539D-07      4    133  1
 25   5000  0     44    106 -2.5015606D+03  5.3950400D-10      5      2  1
 26   5000  1  10000  10018            NaN            NaN      0    224  1
 26   5000  0     16     50  4.9946653D+02  2.9854019D-07      1      1  1
 26   5000  1  10000  10004  6.9042215D+47  5.5233772D+45      2    268  1
 26   5000  1  10000  10009            NaN            NaN      3    224  1
 26   5000  0     82    167  4.9946654D+02  9.9124924D-07      4      3  1
 26   5000  0     15     42  4.9946653D+02  7.4062806D-08      5      1  1
 27   5000  1  10000  10004  2.5745111D-01  2.0683368D-01      0    228  1
 27   5000  0    757   1447  5.4422184D-11  9.7686631D-07      1     24  1
 27   5000  0    454    807  3.3186807D-11  9.8918996D-07      2     13  1
 27   5000  0   1098   1981  6.2186577D-11  9.8214563D-07      3     33  1
 27   5000  0    619   1178  4.0084953D-11  9.8522208D-07      4     20  1
 27   5000  0   1264   2425  5.0543991D-11  9.8249396D-07      5     44  1
 28   5000  1  10000  10054            NaN            NaN      0    211  1
 28   5000  0    112    218  6.7185288D-11  9.7632637D-07      1      3  1
 28   5000  0     65    133  1.3516233D-11  7.1382713D-07      2      1  1
 28   5000  0     87    214  1.2383290D-11  1.6682027D-07      3      4  1
 28   5000  0     95    178  9.6071118D-11  6.7852396D-07      4      3  1
 28   5000  0    161    309  6.2333773D-12  8.0452947D-08      5      5  1
 29   5000  1  10000  10390  8.4155773D+33  1.3030915D+34      0    202  1
 29   5000  1  10000  12458  1.9817099D+05  1.0541001D+03      1    214  1
 29   5000  0     59    170  6.1248997D-10  1.9081882D-07      2      4  1
 29   5000  0     68    204  1.1466025D-13  5.2134874D-07      3      1  1
 29   5000  1  10000  10105  1.9525020D+05  7.8847625D+02      4    199  1
 29   5000  0     58    111  3.9563582D-16  2.0799956D-08      5      2  1
 30   5000  1  10000  10004  6.9458317D+05  1.6656675D+03      0    200  1
 30   5000  0   3008   3887 -9.9999999D-05  9.9878055D-07      1     64  1
 30   5000  0    939   1379 -9.9999999D-05  9.9744246D-07      2     22  1
 30   5000  0    956   1227 -1.0000000D-04  9.7096662D-07      3     21  1
 30   5000  0    979   1077 -9.9999999D-05  9.8642496D-07      4     20  1
 30   5000  0   1105   1522 -1.0000000D-04  9.4570195D-07      5     27  1
 31   5000  1  10000  10049            NaN            NaN      0    217  1
 31   5000  1  10000 335416  1.9990001D+04  2.6939213D-05      1   2953  1
 31   5000  1  10000  10246            NaN            NaN      2    217  1
 31   5000  0     28    159  1.9990001D+04  1.3924513D-07      3      2  1
 31   5000  0     80   1864  1.9990001D+04  9.0189783D-07      4     17  1
 31   5000  0   8356 280398  1.9990001D+04  6.5789854D-07      5   2477  1
 32   5000  1  10000  10047            NaN            NaN      0   2088  1
 32   5000  0   6727   8663  9.0649964D-10  8.5167230D-07      1    312  1
 32   5000  1  10000  10227            NaN            NaN      2   2096  1
 32   5000  0     69    274  2.7286040D-16  4.3358853D-07      3      8  1
 32   5000  0   6829   7235  4.2710473D-13  6.5241636D-07      4    277  1
 32   5000  0     35     92  1.1646261D-25  1.3073986D-11      5      3  1
 33   5000  1  10000  12232            NaN            NaN      0    214  1
 33   5000  0   4223   5706 -1.0000250D+00  9.9996481D-07      1     94  1
 33   5000  0   1408   2123 -1.0000250D+00  9.6868975D-07      2     36  1
 33   5000  0   1044   1356 -1.0000250D+00  8.5738663D-07      3     23  1
 33   5000  0   1633   1739 -1.0000250D+00  9.9776122D-07      4     34  1
 33   5000  0   1087   1539 -1.0000250D+00  9.4201270D-07      5     27  1
 34   5000  1  10000  10004            NaN            NaN      0    216  1
 34   5000  0      5     29  3.9658814D+04  4.2721496D-08      1      0  1
 34   5000  1  10000  10007            NaN            NaN      2    219  1
 34   5000  0      5     32  3.9658814D+04  3.4663290D-09      3      0  1
 34   5000  0      4     29  3.9658814D+04  7.2321663D-13      4      0  1
 34   5000  0      3     27  3.9658814D+04  3.5603463D-07      5      0  1
 35   5000  1  10000  11453            NaN            NaN      0    254  1
 35   5000  1  10000 108260            NaN            NaN      1   1293  1
 35   5000  0    101   2306  1.9482559D+03  9.8614009D-07      2     26  1
 35   5000  0     89   1924  1.9482559D+03  8.5794379D-07      3     21  1
 35   5000  1  10000  10915            NaN            NaN      4    249  1
 35   5000  0     66   1187  1.9482559D+03  9.7747998D-07      5     14  1
 36   5000  1  10000  10051            NaN            NaN      0    271  1
 36   5000  1  10000  65372  2.7452901D+05  5.0071386D+05      1   1039  1
 36   5000  1  10000  10257            NaN            NaN      2    273  1
 36   5000  1  10000  10036            NaN            NaN      3    270  1
 36   5000  1  10000 308503  2.0006257D+04  1.4481336D-02      4   4403  1
 36   5000  1  10000 283188  2.0006257D+04  1.8941123D-05      5   4086  1
 37   5000  1  10000  10004  1.4333159D+06  5.9589340D+04      0    217  1
 37   5000  0   8361  10758  4.8882663D-15  9.8475347D-07      1    202  1
 37   5000  0   4113   6077  3.5197346D-13  8.2896721D-07      2    107  1
 37   5000  0   4596   5931  3.5297438D-13  8.6104625D-07      3    110  1
 37   5000  0   3462   3577  5.6119083D-14  9.9904797D-07      4     77  1
 37   5000  0   5474   7642  4.6568714D-13  9.2877570D-07      5    151  1
 38   5000  1  10000  10015            NaN            NaN      0    257  1
 38   5000  0    808   1020  0.0000000D+00  1.6111782D-07      1     23  1
 38   5000  0     27    240  0.0000000D+00  6.8173176D-09      2      3  1
 38   5000  0     73    867  0.0000000D+00  2.9517920D-07      3     12  1
 38   5000  0   1421   2321  0.0000000D+00  5.1236045D-07      4     48  1
 38   5000  0      7     70  0.0000000D+00  4.8840624D-08      5      1  1
 39   5000  1  10000  10209            NaN            NaN      0    227  1
 39   5000  1  10000  10023  7.7948467D+05  1.2485487D+06      1    224  1
 39   5000  0     29     86  4.9531458D-18  5.4358091D-09      2      1  1
 39   5000  0     36    206  1.4533283D-23  5.3163429D-09      3      2  1
 39   5000  0   6107   6219  1.9168095D-12  2.1851112D-07      4    139  1
 39   5000  0     17    107  1.6140757D-21  5.3986617D-08      5      1  1
 40   5000  1  10000  10077            NaN            NaN      0   5774  1
 40   5000  1  10000  15035  1.1027660D-06  3.8513319D-05      1    521  1
 40   5000  0   2314   4391  3.9244477D-06  9.7317155D-07      2    145  1
 40   5000  0   2404   4337  4.5557361D-06  8.5692339D-07      3    144  1
 40   5000  1  10000  11012  5.3619393D-07  1.5789130D-06      4    417  1
 40   5000  0   2491   4517  2.9167575D-06  8.4335404D-07      5    154  1
 41   5000  1  10000  10008  2.3349360D+02  1.5186272D+02      0    202  1
 41   5000  0      6     15  2.0957702D-15  2.0621090D-07      1      0  1
 41   5000  0     19     37  1.0743214D-14  5.6660943D-07      2      1  1
 41   5000  0     14     29  5.5638271D-15  3.6710790D-07      3      0  1
 41   5000  0      6     15  2.3029194D-16  2.0837017D-07      4      0  1
 41   5000  0     13     27  7.5486608D-15  3.5539332D-07      5      1  1
 42   5000  1  10000 141970 -4.9986626D+03  6.4474151D+02      0   4248  1
 42   5000  1  10000 329344 -4.9989473D+03  3.1500210D-04      1   9682  1
 42   5000  1  10000 327170 -4.9989474D+03  3.6794853D-05      2   9600  1
 42   5000  0    832  23108 -4.9994474D+03  6.4288553D-07      3    679  1
 42   5000  1  10000 321444 -4.9989467D+03  1.4361482D-03      4   9465  1
 42   5000  0   4108 130879 -4.9989474D+03  9.0434247D-07      5   3862  1
 43   5000  1  10000  10070            NaN            NaN      0   2536  1
 43   5000  0     12     31  1.0000000D+00  9.7155458D-07      1      1  1
 43   5000  0     12     48  1.0000000D+00  7.6967877D-08      2      2  1
 43   5000  0     10     35  1.0000000D+00  2.4355666D-07      3      2  1
 43   5000  0     11     32  1.0000000D+00  3.0766487D-07      4      1  1
 43   5000  0      8     26  1.0000000D+00  5.8857880D-08      5      1  1
 44   5000  1  10000  10049            NaN            NaN      0   2543  1
 44   5000  0      9     32  1.0000000D+00  2.5472226D-07      1      2  1
 44   5000  0     14     49  1.0000000D+00  1.8387570D-07      2      2  1
 44   5000  0     10     42  1.0000000D+00  2.9056064D-08      3      2  1
 44   5000  0      9     29  1.0000000D+00  4.4725786D-08      4      1  1
 44   5000  0      9     37  1.0000000D+00  9.1759578D-07      5      2  1
 45   5000  1  10000  10048            NaN            NaN      0   2528  1
 45   5000  0     38     91  1.0000000D+00  4.2188333D-07      1      4  1
 45   5000  1  10000  16407  3.0491259D+16  4.3591499D+15      2    734  1
 45   5000  0     13     43  1.0000000D+00  4.0353871D-07      3      2  1
 45   5000  0     28     66  1.0000000D+00  9.1425896D-07      4      3  1
 45   5000  0      9     29  1.0000000D+00  5.5702577D-08      5      0  1
 46   5000  1  10000  10048            NaN            NaN      0   2599  1
 46   5000  0   1191   1551  1.0000000D+00  9.9419635D-07      1     84  1
 46   5000  0    588    889  1.0000000D+00  9.8337228D-07      2     47  1
 46   5000  0    503    642  1.0000000D+00  8.4863532D-07      3     34  1
 46   5000  0    411    474  1.0000000D+00  9.8589211D-07      4     26  1
 46   5000  0    574    814  1.0000000D+00  9.6931398D-07      5     45  1
 47   5000  1  10000  10004  1.8459856D+06  6.4111637D+03      0  41325  1
 47   5000  0    202    331  3.0302592D-13  8.9334713D-07      1   1362  1
 47   5000  0     87    155  4.5755349D-13  9.9874759D-07      2    642  1
 47   5000  0    116    205  3.7713527D-13  9.6569723D-07      3    846  1
 47   5000  0    109    191  5.0049819D-13  9.8503838D-07      4    783  1
 47   5000  0    138    236  3.0772346D-13  9.3710107D-07      5    970  1
 48   5000  1  10000  11155            NaN            NaN      0    245  1
 48   5000  0    656    902  3.9706710D-01  8.9948771D-07      1     18  1
 48   5000  0     84    150  3.9706710D-01  9.0185283D-07      2      2  1
 48   5000  0     59    118  3.9706710D-01  7.3420879D-07      3      2  1
 48   5000  0    292    370  3.9706710D-01  9.6411951D-07      4      8  1
 48   5000  0     69    121  3.9706710D-01  6.7216825D-07      5      2  1
 49   5000  1  10000  10004  3.4729164D+05  1.6660201D+03      0    195  1
 49   5000  0   2826   3653  3.7596467D-13  9.9437469D-07      1     61  1
 49   5000  0   1031   1550  2.3888677D-13  9.6217712D-07      2     24  1
 49   5000  0    808   1057  1.7568718D-13  8.1107315D-07      3     17  1
 49   5000  0    977   1075  4.5940834D-13  9.9982242D-07      4     20  1
 49   5000  0   1280   1815  8.7350271D-14  8.8051086D-07      5     31  1
 50   5000  1  10000  10004  3.4838942D+05  1.6656732D+03      0    229  1
 50   5000  0   2969   3862  3.2463673D-13  9.8961745D-07      1     78  1
 50   5000  0    932   1366  2.5032048D-13  9.9687725D-07      2     25  1
 50   5000  0    894   1143  5.3480020D-14  9.8510752D-07      3     22  1
 50   5000  0    972   1069  2.8371831D-13  9.7944144D-07      4     23  1
 50   5000  0   1050   1470  2.5112608D-13  9.8839221D-07      5     31  1
 51   5000  1  10000  10494            NaN            NaN      0   3015  1
 51   5000  0     55    885  3.0003285D+04  9.8970108D-07      1     17  1
 51   5000  0     54    988  3.0003285D+04  5.4907283D-07      2     20  1
 51   5000  0    161   4092  3.0003285D+04  8.9690408D-07      3     79  1
 51   5000  0     55    848  3.0003285D+04  9.7832111D-07      4     18  1
 51   5000  0     20     54  3.0003285D+04  4.0030549D-07      5      0  1
 52   5000  1  10000  10004            NaN            NaN      0   4497  1
 52   5000  1  10000  10010            NaN            NaN      1   4495  1
 52   5000  1  10000  10010            NaN            NaN      2   4495  1
 52   5000  1  10000  10011            NaN            NaN      3   4504  1
 52   5000  1  10000  10010            NaN            NaN      4   4493  1
 52   5000  1  10000  10012            NaN            NaN      5   4521  1
 53   5000  1  10000  10050            NaN            NaN      0    212  1
 53   5000  1  10000  13027  6.7594357D-04  3.0106414D-04      1    234  1
 53   5000  1  10000  14709  2.1778834D-04  8.9751175D-06      2    248  1
 53   5000  1  10000  12864  2.2127136D-04  9.9590197D-06      3    232  1
 53   5000  1  10000  10078  3.8495550D-06  1.6749618D-05      4    212  1
 53   5000  1  10000  13925  2.0618355D-04  1.4198218D-05      5    265  1
 54   5000  1  10000  10182            NaN            NaN      0    243  1
 54   5000  0     85    170  2.3638576D-14  3.8723359D-07      1      3  1
 54   5000  0     17     44  8.9581301D-13  6.8776086D-08      2      1  1
 54   5000  0     14     39  2.6368601D-21  1.4505420D-08      3      0  1
 54   5000  0     59    117  3.0896868D-13  6.8235414D-07      4      2  1
 54   5000  0     19     50  5.9656717D-20  5.7807769D-08      5      1  1
 55   5000  0      4     23  0.0000000D+00  9.1447370D-09      0      1  1
 55   5000  0      4     23  0.0000000D+00  9.1447383D-09      1      1  1
 55   5000  1  10000  10004            NaN            NaN      2    217  1
 55   5000  1  10000  10011            NaN            NaN      3    216  1
 55   5000  0      4     23  5.5511151D-13  9.1447401D-09      4      0  1
 55   5000  0      4     23  0.0000000D+00  9.1447361D-09      5      0  1
 56   5000  1  10000  10004  6.6551806D+00  3.4216735D+00      0    206  1
 56   5000  1  10000  13030  6.9602520D-03  4.1958773D-04      1    229  1
 56   5000  1  10000  14742  2.7746815D-03  1.6137010D-05      2    240  1
 56   5000  1  10000  12847  5.9132466D-03  3.3404435D-05      3    226  1
 56   5000  1  10000  10050  2.0430714D-04  1.4485729D-05      4    207  1
 56   5000  1  10000  13912  5.3730235D-03  1.4933836D-05      5    258  1
 57   5000  1  10000  10068            NaN            NaN      0    228  1
 57   5000  0    285   8484  5.5486684D+03  9.6920310D-07      1     86  1
 57   5000  0    195   5333  5.5486684D+03  8.2431264D-07      2     54  1
 57   5000  0    695  20246  5.5486684D+03  8.0725700D-07      3    206  1
 57   5000  0   1711  53963  5.5486684D+03  9.9716460D-07      4    543  1
 57   5000  0    229   6770  5.5486684D+03  8.6932555D-07      5     70  1
 58   5000  1  10000  10104            NaN            NaN      0   1633  1
 58   5000  0     14     35  2.2259845D-10  8.0968799D-07      1      1  1
 58   5000  1  10000  10013            NaN            NaN      2   1636  1
 58   5000  1  10000  10019            NaN            NaN      3   1633  1
 58   5000  0     16     43  3.1842535D-10  7.0038633D-07      4      1  1
 58   5000  0     12     33  4.5194156D-16  8.6240639D-10      5      1  1
 59   5000  1  10000  10006  2.4891607D+63  1.9913286D+60      0    367  1
 59   5000  0     15     39  4.5840414D+02  5.4007902D-07      1      1  1
 59   5000  0     13     45  4.5840414D+02  4.5192633D-10      2      1  1
 59   5000  1  10000  10022            NaN            NaN      3   2352  1
 59   5000  0     20     50  4.5840414D+02  1.5408337D-08      4      0  1
 59   5000  0     13     37  4.5840414D+02  2.6164892D-08      5      2  1
 60   5000  1  10000  10052            NaN            NaN      0    206  1
 60   5000  0      9     22  6.0859280D-11  2.9839006D-07      1      0  1
 60   5000  0     28     94  1.1767064D-12  4.2845138D-08      2      1  1
 60   5000  0      7     25  3.1757579D-10  8.0149122D-07      3      0  1
 60   5000  0     16     36  1.0070662D-10  5.2033961D-07      4      1  1
 60   5000  0      6     17  1.0765325D-12  4.1353246D-08      5      0  1
 61   5000  1  10000  10087            NaN            NaN      0    267  1
 61   5000  0     18     44  7.5331198D-13  3.8599326D-07      1      0  1
 61   5000  0     50    166  3.6435361D-15  1.8514672D-08      2      3  1
 61   5000  0     14     45  4.3229190D-13  3.3506054D-07      3      1  1
 61   5000  0     19     46  3.7552909D-13  2.1921362D-07      4      1  1
 61   5000  0      8     25  4.3798995D-15  3.3896782D-08      5      0  1
 62   5000  1  10000  10262            NaN            NaN      0   2194  1
 62   5000  0   1455   2665  1.6967091D-07  9.1288812D-07      1    105  1
 62   5000  1  10000  10957            NaN            NaN      2   2088  1
 62   5000  1  10000  12012            NaN            NaN      3   1969  1
 62   5000  0   1891   2579  5.3998856D-07  5.1468635D-07      4    107  1
 62   5000  0   2021   4044  4.6608860D-07  8.0143003D-07      5    160  1
 63   5000  1  10000  10004  9.1119563D-01  7.5492154D-01      0    202  1
 63   5000  1  10000  13035  1.0531571D-03  1.5358631D-04      1    239  1
 63   5000  1  10000  14829  1.0188241D-03  8.9439449D-06      2    236  1
 63   5000  1  10000  12818  8.9262610D-04  1.0332511D-05      3    220  1
 63   5000  1  10000  10053  1.0018428D-06  3.8390563D-06      4    205  1
 63   5000  1  10000  13975  4.5420456D-04  6.3675186D-06      5    254  1
 64   5000  1  10000  10075            NaN            NaN      0   1634  1
 64   5000  0     20     48  4.8563091D-10  9.2366402D-07      1      1  1
 64   5000  0     15     48  4.5840414D+02  2.2059336D-07      2      1  1
 64   5000  0     20     76  3.5675019D-16  1.4101866D-09      3      1  1
 64   5000  0     14     36  2.9402008D-11  2.1033725D-07      4      2  1
 64   5000  0     12     53  5.3222436D-20  4.4392554D-11      5      1  1
 65   5000  1  10000  10271            NaN            NaN      0    235  1
 65   5000  0     10     37  7.0233081D-13  4.8606474D-07      1      2  1
 65   5000  0      8     36  1.2561268D-18  1.8234789D-09      2      1  1
 65   5000  0     10     39  4.9149497D-15  9.7735047D-08      3      0  1
 65   5000  0     10     37  1.1406908D-12  8.8313584D-07      4      0  1
 65   5000  0      8     34  1.3836921D-13  5.7944148D-07      5      1  1
 66   5000  1  10000  10642            NaN            NaN      0    254  1
 66   5000  0      4     17 -4.0842431D+03  1.0475310D-09      1      0  1
 66   5000  1  10000  10031            NaN            NaN      2    232  1
 66   5000  1  10000  10051            NaN            NaN      3    234  1
 66   5000  0      4     17 -4.0842431D+03  1.0475332D-09      4      0  1
 66   5000  0      4     17 -4.0842431D+03  1.0475394D-09      5      0  1
 67   5000  0      4     36 -2.4022651D+03  1.5082917D-09      0      0  1
 67   5000  0      4     36 -2.4022651D+03  4.4609005D-10      1      2  1
 67   5000  1  10000  10132            NaN            NaN      2    262  1
 67   5000  1  10000  10054            NaN            NaN      3    258  1
 67   5000  0      4     36 -2.4022651D+03  7.4310520D-09      4      1  1
 67   5000  0      4     36 -2.4022651D+03  7.7561284D-09      5      0  1
 68   5000  1  10000  10004            NaN            NaN      0    269  1
 68   5000  1  10000  10004            NaN            NaN      1    269  1
 68   5000  1  10000  10003            NaN            NaN      2    270  1
 68   5000  1  10000  10003            NaN            NaN      3    268  1
 68   5000  1  10000  10004            NaN            NaN      4    269  1
 68   5000  1  10000  10004            NaN            NaN      5    292  1
 69   5000  1  10000  10053            NaN            NaN      0   2089  1
 69   5000  0     17     45  1.9329976D+03  3.4231241D-07      1      1  1
 69   5000  0     15     58  1.9329976D+03  2.8126548D-07      2      2  1
 69   5000  0     23     84  1.9329976D+03  8.4868309D-07      3      4  1
 69   5000  0     18     46  1.9329976D+03  8.6892923D-07      4      1  1
 69   5000  0      9     27  1.9329976D+03  1.3040473D-07      5      0  1
 70   5000  1  10000  10267            NaN            NaN      0    224  1
 70   5000  0     54     88  3.2869453D-13  8.1146220D-07      1      1  1
 70   5000  0     32     65  1.1139694D-12  8.6182554D-07      2      0  1
 70   5000  0     33     73  2.7008782D-13  5.7547322D-07      3      2  1
 70   5000  0     36     67  5.6480416D-13  9.0951235D-07      4      2  1
 70   5000  0     33     64  3.1647758D-13  7.4321340D-07      5      0  1
 71   5000  1  10000  10046            NaN            NaN      0    215  1
 71   5000  1  10000  13375  4.9086318D-04  8.9600780D-02      1    248  1
 71   5000  1  10000  16052  1.7555189D-06  6.6436952D-05      2    265  1
 71   5000  0     40     86  5.3723276D-15  7.2205593D-07      3      2  1
 71   5000  0   7399   7827  4.0922481D-08  9.8931649D-07      4    162  1
 71   5000  0   6539  10682  3.8414426D-07  8.2412369D-07      5    191  1
 72   5000  1  10000  10057  2.8822757D+10  3.7962321D+09      0    261  1
 72   5000  1  10000  10004  2.0000000D-01  5.3049830D-06      1    258  1
 72   5000  1  10000  10004  2.0000000D-01  5.3049830D-06      2    258  1
 72   5000  1  10000  10004            NaN            NaN      3    260  1
 72   5000  1  10000  10004            NaN            NaN      4    258  1
 72   5000  1  10000  10004            NaN            NaN      5    282  1
 73   5000  1  10000  10209            NaN            NaN      0    244  1
 73   5000  0     56    121  1.3042569D-15  7.8979086D-07      1      3  1
 73   5000  0    574   3391  8.9094608D+01  9.7452942D-07      2     44  1
 73   5000  0     21     59  1.3216283D-15  8.8404490D-07      3      1  1
 73   5000  0   1187   1299  5.8514649D-15  9.9727724D-07      4     30  1
 73   5000  0     24     57  5.3469437D-16  7.9349591D-07      5      2  1
 74   5000  0      2      5  3.1583994D-22  1.2586185D-25      0      0  1
 74   5000  0      2      5  6.5357434D-24  2.5509585D-27      1      0  1
 74   5000  0      2      5  6.0552067D-24  2.3638348D-27      2      0  1
 74   5000  0      7     20  0.0000000D+00  0.0000000D+00      3      0  1
 74   5000  0      2      5  8.3892153D-24  3.2742989D-27      4      0  1
 74   5000  0      2      5  8.9462787D-24  3.4823191D-27      5      0  1
 75   5000  1  10000  10663            NaN            NaN      0    906  1
 75   5000  0      9     21 -2.5000000D+03  3.6586067D-07      1      0  1
 75   5000  0      4     11 -2.5000000D+03  1.5250360D-07      2      0  1
 75   5000  0      4     11 -2.5000000D+03  2.4586932D-09      3      0  1
 75   5000  0      9     21 -2.5000000D+03  3.6584325D-07      4      0  1
 75   5000  0      4     11 -2.5000000D+03  2.4586955D-09      5      0  1
 76   5000  0      1      5  2.7026357D-14  8.0544851D-09      0      0  1
 76   5000  0      1      5  9.6218083D-15  4.8057700D-09      1      2  1
 76   5000  0      1      5  1.3738243D-14  5.7425495D-09      2      0  1
 76   5000  0      2      7  3.0291379D-16  8.7311491D-10      3      0  1
 76   5000  0      1      5  2.1755815D-14  7.2250259D-09      4      0  1
 76   5000  0      1      5  1.1630377D-14  5.2841642D-09      5      0  1
